1850   -0.370    0.106    0.003    0.066    0.083
1851   -0.214    0.102    0.003    0.067    0.076
1852   -0.222    0.100    0.003    0.064    0.077
1853   -0.263    0.098    0.002    0.056    0.081
1854   -0.239    0.089    0.002    0.052    0.073
1855   -0.265    0.088    0.003    0.049    0.073
1856   -0.350    0.088    0.003    0.050    0.073
1857   -0.447    0.084    0.003    0.050    0.068
1858   -0.449    0.086    0.003    0.053    0.068
1859   -0.258    0.089    0.004    0.057    0.068
1860   -0.313    0.090    0.004    0.057    0.069
1861   -0.356    0.099    0.005    0.060    0.079
1862   -0.478    0.104    0.005    0.061    0.084
1863   -0.234    0.106    0.005    0.063    0.085
1864   -0.448    0.101    0.005    0.062    0.079
1865   -0.218    0.109    0.006    0.063    0.089
1866   -0.197    0.103    0.005    0.060    0.083
1867   -0.265    0.102    0.005    0.057    0.084
1868   -0.182    0.098    0.005    0.054    0.082
1869   -0.220    0.090    0.004    0.054    0.072
1870   -0.241    0.082    0.004    0.052    0.064
1871   -0.294    0.087    0.004    0.052    0.069
1872   -0.183    0.081    0.004    0.050    0.063
1873   -0.258    0.078    0.004    0.049    0.060
1874   -0.325    0.077    0.004    0.048    0.061
1875   -0.355    0.076    0.003    0.047    0.060
1876   -0.335    0.075    0.003    0.046    0.059
1877   -0.026    0.075    0.003    0.045    0.060
1878    0.084    0.075    0.003    0.045    0.059
1879   -0.186    0.071    0.003    0.041    0.058
1880   -0.180    0.073    0.003    0.039    0.061
1881   -0.156    0.074    0.003    0.038    0.063
1882   -0.169    0.071    0.003    0.038    0.060
1883   -0.248    0.065    0.002    0.034    0.056
1884   -0.370    0.065    0.002    0.032    0.056
1885   -0.354    0.066    0.002    0.031    0.059
1886   -0.334    0.065    0.002    0.031    0.058
1887   -0.382    0.064    0.002    0.032    0.055
1888   -0.268    0.063    0.002    0.032    0.054
1889   -0.123    0.065    0.002    0.033    0.055
1890   -0.369    0.063    0.003    0.033    0.053
1891   -0.277    0.064    0.003    0.035    0.054
1892   -0.399    0.065    0.003    0.037    0.054
1893   -0.415    0.064    0.003    0.036    0.052
1894   -0.352    0.063    0.002    0.035    0.053
1895   -0.334    0.062    0.002    0.034    0.052
1896   -0.132    0.064    0.002    0.035    0.053
1897   -0.149    0.063    0.002    0.035    0.052
1898   -0.358    0.063    0.002    0.035    0.052
1899   -0.228    0.062    0.002    0.035    0.051
1900   -0.147    0.063    0.002    0.036    0.051
1901   -0.208    0.065    0.002    0.036    0.055
1902   -0.359    0.062    0.002    0.032    0.053
1903   -0.436    0.063    0.002    0.032    0.054
1904   -0.475    0.063    0.002    0.031    0.055
1905   -0.332    0.061    0.002    0.030    0.053
1906   -0.241    0.062    0.002    0.030    0.054
1907   -0.424    0.060    0.002    0.030    0.052
1908   -0.472    0.059    0.002    0.029    0.052
1909   -0.487    0.059    0.002    0.026    0.053
1910   -0.454    0.058    0.002    0.025    0.053
1911   -0.506    0.057    0.002    0.024    0.052
1912   -0.404    0.057    0.002    0.024    0.051
1913   -0.394    0.058    0.002    0.025    0.052
1914   -0.212    0.060    0.002    0.030    0.052
1915   -0.105    0.065    0.002    0.034    0.056
1916   -0.344    0.062    0.002    0.030    0.054
1917   -0.423    0.065    0.002    0.033    0.056
1918   -0.279    0.069    0.003    0.035    0.059
1919   -0.227    0.066    0.003    0.033    0.058
1920   -0.211    0.065    0.002    0.031    0.057
1921   -0.158    0.059    0.002    0.028    0.052
1922   -0.272    0.059    0.002    0.027    0.052
1923   -0.254    0.056    0.002    0.025    0.050
1924   -0.272    0.058    0.002    0.026    0.052
1925   -0.192    0.057    0.002    0.025    0.051
1926   -0.086    0.057    0.002    0.025    0.051
1927   -0.193    0.056    0.002    0.024    0.051
1928   -0.191    0.055    0.002    0.024    0.050
1929   -0.335    0.056    0.002    0.025    0.050
1930   -0.128    0.056    0.002    0.025    0.050
1931   -0.081    0.056    0.002    0.025    0.050
1932   -0.131    0.054    0.002    0.025    0.048
1933   -0.265    0.054    0.002    0.024    0.048
1934   -0.125    0.053    0.002    0.024    0.048
1935   -0.173    0.053    0.002    0.023    0.047
1936   -0.142    0.050    0.002    0.021    0.045
1937   -0.020    0.049    0.002    0.021    0.044
1938   -0.001    0.051    0.002    0.022    0.046
1939   -0.039    0.053    0.002    0.026    0.046
1940    0.032    0.060    0.002    0.030    0.052
1941    0.036    0.056    0.002    0.026    0.049
1942   -0.001    0.058    0.002    0.029    0.050
1943    0.023    0.060    0.003    0.028    0.053
1944    0.180    0.058    0.002    0.027    0.051
1945    0.064    0.061    0.003    0.028    0.054
1946   -0.061    0.053    0.002    0.027    0.046
1947   -0.049    0.052    0.002    0.026    0.045
1948   -0.055    0.050    0.002    0.024    0.043
1949   -0.086    0.048    0.002    0.022    0.043
1950   -0.192    0.047    0.002    0.022    0.042
1951   -0.070    0.049    0.002    0.021    0.044
1952    0.006    0.047    0.002    0.020    0.043
1953    0.064    0.048    0.002    0.020    0.043
1954   -0.168    0.047    0.002    0.020    0.043
1955   -0.234    0.046    0.002    0.019    0.042
1956   -0.306    0.044    0.002    0.019    0.040
1957   -0.042    0.044    0.002    0.019    0.039
1958    0.004    0.043    0.002    0.018    0.039
1959   -0.027    0.042    0.002    0.018    0.038
1960   -0.088    0.042    0.002    0.017    0.038
1961    0.018    0.042    0.002    0.016    0.038
1962    0.001    0.042    0.002    0.016    0.039
1963    0.032    0.043    0.002    0.016    0.039
1964   -0.223    0.042    0.001    0.016    0.038
1965   -0.136    0.042    0.002    0.016    0.039
1966   -0.062    0.042    0.001    0.015    0.039
1967   -0.064    0.042    0.001    0.015    0.039
1968   -0.110    0.041    0.001    0.014    0.038
1969    0.036    0.041    0.001    0.014    0.039
1970   -0.031    0.041    0.001    0.014    0.039
1971   -0.196    0.041    0.001    0.014    0.038
1972   -0.070    0.041    0.001    0.014    0.039
1973    0.042    0.040    0.001    0.014    0.038
1974   -0.242    0.041    0.001    0.014    0.038
1975   -0.174    0.041    0.001    0.014    0.038
1976   -0.265    0.041    0.001    0.014    0.039
1977    0.033    0.040    0.001    0.014    0.038
1978   -0.083    0.041    0.001    0.014    0.039
1979    0.042    0.039    0.001    0.011    0.037
1980    0.082    0.041    0.001    0.013    0.039
1981    0.141    0.041    0.001    0.014    0.039
1982    0.021    0.041    0.001    0.014    0.039
1983    0.203    0.041    0.001    0.014    0.038
1984   -0.008    0.041    0.001    0.014    0.038
1985   -0.028    0.040    0.001    0.013    0.037
1986    0.067    0.040    0.001    0.013    0.038
1987    0.222    0.041    0.001    0.013    0.039
1988    0.224    0.041    0.001    0.013    0.039
1989    0.146    0.041    0.001    0.014    0.039
1990    0.334    0.041    0.001    0.014    0.039
1991    0.297    0.041    0.001    0.013    0.039
1992    0.142    0.042    0.001    0.013    0.040
1993    0.185    0.042    0.001    0.013    0.039
1994    0.256    0.042    0.001    0.013    0.040
1995    0.378    0.041    0.001    0.012    0.039
1996    0.233    0.042    0.001    0.010    0.040
1997    0.442    0.041    0.001    0.011    0.039
1998    0.578    0.040    0.001    0.012    0.039
1999    0.340    0.041    0.001    0.011    0.039
2000    0.339    0.041    0.001    0.011    0.039
2001    0.498    0.041    0.001    0.011    0.039
2002    0.559    0.042    0.001    0.010    0.040
2003    0.569    0.041    0.001    0.009    0.040
2004    0.506    0.041    0.001    0.008    0.040
2005    0.602    0.042    0.001    0.008    0.041
2006    0.560    0.041    0.001    0.008    0.040
2007    0.540    0.040    0.001    0.007    0.040
2008    0.446    0.040    0.001    0.007    0.039
2009    0.556    0.041    0.001    0.007    0.040
2010    0.614    0.041    0.001    0.007    0.041
2011    0.482    0.041    0.001    0.008    0.040
2012    0.523    0.041    0.002    0.009    0.040
2013    0.565    0.041    0.002    0.010    0.040
2014    0.636    0.040    0.002    0.009    0.039
2015    0.820    0.040    0.002    0.008    0.039
2016    0.856    0.040    0.002    0.008    0.039
2017    0.732    0.041    0.002    0.011    0.040
2018    0.619    0.133    0.008    0.011    0.133
