1750 0 0 0 0 0 0.0447 0.0527 0 0 0.0447 0.0527
1751 0 0 0 -0.000560776332706581 -0.000469878428708206 0.0056 0.0066 0 0 0.00503922366729342 0.0061301215712918
1752 0 0 0 -0.00112155266541316 -0.000939756857416413 -0.0083 -0.0098 0 0 -0.00942155266541316 -0.0107397568574164
1753 0 0 0 -0.00168232899811974 -0.00140963528612462 -0.027 -0.0318 0 0 -0.0286823289981197 -0.0332096352861246
1754 0 0 0 -0.00224310533082632 -0.00187951371483283 -0.0501 -0.0589 0 0 -0.0523431053308263 -0.0607795137148328
1755 0 0 0 -0.00280388166353291 -0.00234939214354103 -0.0624 -0.0735 0 0 -0.0652038816635329 -0.075849392143541
1756 0 0 0 -0.00336465799623949 -0.00281927057224924 -0.0666 -0.0784 0 0 -0.0699646579962395 -0.0812192705722492
1757 0 0 0 -0.00392543432894607 -0.00328914900095744 -0.0539 -0.0634 0 0 -0.0578254343289461 -0.0666891490009574
1758 0 0 0 -0.00448621066165265 -0.00375902742966565 -0.0397 -0.0468 0 0 -0.0441862106616526 -0.0505590274296656
1759 0 0 0 -0.00504698699435923 -0.00422890585837386 -0.0282 -0.0332 0 0 -0.0332469869943592 -0.0374289058583739
1760 0 0 0 -0.00560776332706581 -0.00469878428708206 -0.038 -0.0447 0 0 -0.0436077633270658 -0.0493987842870821
1761 0 0 0 -0.00616853965977239 -0.00516866271579027 -0.0223 -0.0263 0 0 -0.0284685396597724 -0.0314686627157903
1762 0 0 0 -0.00672931599247897 -0.00563854114449848 -0.0348 -0.0409 0 0 -0.041529315992479 -0.0465385411444985
1763 0 0 0 -0.00729009232518555 -0.00610841957320668 -0.0462 -0.0544 0 0 -0.0534900923251856 -0.0605084195732067
1764 0 0 0 -0.00785086865789214 -0.00657829800191489 -0.0495 -0.0583 0 0 -0.0573508686578921 -0.0648782980019149
1765 0 0 0 -0.00841164499059872 -0.0070481764306231 -0.0668 -0.0786 0 0 -0.0752116449905987 -0.0856481764306231
1766 0 0.0011 8e-04 -0.0089724213233053 -0.0075180548593313 -0.0648 -0.0762 0 0 -0.0726724213233053 -0.0829180548593313
1767 0 0.0014 0.0011 -0.00953319765601188 -0.0079879332880395 -0.0218 -0.0257 0 0 -0.0299331976560119 -0.0325879332880395
1768 0.0019 0.002 0.0016 -0.0100939739887185 -0.00845781171674771 0.0203 0.0239 0 0 0.0141060260112815 0.0189421882832523
1769 0.0019 0.0025 0.0021 -0.0106547503214250 -0.00892769014545592 0.0537 0.0633 0 0 0.047445249678575 0.0583723098545441
1770 0.0038 0.003 0.0024 -0.0112155266541316 -0.00939756857416413 0.0599 0.0705 0 0 0.0554844733458684 0.0673024314258359
1771 0.0038 0.0035 0.0029 -0.0117763029868382 -0.00986744700287233 0.0478 0.0562 0 0 0.0433236970131618 0.0530325529971277
1772 0.0058 0.004 0.0034 -0.0123370793195448 -0.0103373254315805 0.035 0.0412 0 0 0.0324629206804552 0.0400626745684195
1773 0.0058 0.0045 0.0038 -0.0128978556522514 -0.0108072038602887 0.003 0.0036 0 0 0.000402144347748636 0.00239279613971125
1774 0.0077 0.0052 0.0045 -0.0134586319849579 -0.0112770822889970 -0.0037 -0.0044 0 0 -0.00425863198495795 -0.00347708228899695
1775 0.0077 0.0058 0.005 -0.0140194083176645 -0.0117469607177052 -0.0276 -0.0325 0 0 -0.0281194083176645 -0.0315469607177052
1776 0.0096 0.0065 0.0056 -0.0145801846503711 -0.0122168391464134 -0.0159 -0.0188 0 0 -0.0143801846503711 -0.0158168391464134
1777 0.0096 0.0072 0.0062 -0.0151409609830777 -0.0126867175751216 0.0105 0.0123 0 0 0.0121590390169223 0.0154132824248784
1778 0.0115 0.0078 0.0068 -0.0157017373157843 -0.0131565960038298 0.0748 0.0881 0 0 0.0783982626842157 0.0932434039961702
1779 0.0134 0.0084 0.0074 -0.0162625136484909 -0.0136264744325380 0.0692 0.0815 0 0 0.0747374863515091 0.088673525567462
1780 0.0153 0.0093 0.0082 -0.0168232899811974 -0.0140963528612462 0.0314 0.037 0 0 0.0391767100188026 0.0464036471387538
1781 0.0153 0.0101 0.0088 -0.017384066313904 -0.0145662312899544 0.0516 0.0608 0 0 0.059615933686096 0.0703337687100456
1782 0.0173 0.0108 0.0095 -0.0179448426466106 -0.0150361097186626 0.0066 0.0077 0 0 0.0167551573533894 0.0194638902813374
1783 0.0192 0.0116 0.0102 -0.0185056189793172 -0.0155059881473708 -0.0067 -0.0079 0 0 0.00559438102068282 0.00599401185262919
1784 0.0211 0.0124 0.011 -0.0190663953120238 -0.015975866576079 -0.0247 -0.0291 0 0 -0.0102663953120238 -0.012975866576079
1785 0.023 0.0133 0.0118 -0.0196271716447303 -0.0164457450047872 -0.0057 -0.0067 0 0 0.0109728283552697 0.0116542549952128
1786 0.0249 0.0141 0.0125 -0.0201879479774369 -0.0169156234334954 0.064 0.0753 0 0 0.0828120520225631 0.0957843765665046
1787 0.0268 0.0151 0.0134 -0.0207487243101435 -0.0173855018622036 0.1031 0.1213 0 0 0.124251275689856 0.144114498137796
1788 0.0287 0.0161 0.0143 -0.0213095006428501 -0.0178553802909118 0.0971 0.1143 0 0 0.12059049935715 0.139444619709088
1789 0.0306 0.0171 0.0151 -0.0218702769755567 -0.0183252587196200 0.0926 0.109 0 0 0.118429723024443 0.13637474128038
1790 0.0325 0.018 0.016 -0.0224310533082632 -0.0187951371483283 0.0742 0.0873 0 0 0.102268946691737 0.117004862851672
1791 0.0345 0.0181 0.0164 -0.0229918296409698 -0.0192650155770365 0.0409 0.0482 0 0 0.0705081703590302 0.0798349844229636
1792 0.0364 0.0185 0.0171 -0.0235526059736764 -0.0197348940057447 0.0342 0.0403 0 0 0.0655473940263236 0.0740651059942553
1793 0.0383 0.0203 0.0183 -0.024113382306383 -0.0202047724344529 0.0049 0.0057 0 0 0.039386617693617 0.0420952275655471
1794 0.0402 0.0206 0.0189 -0.0246741586390896 -0.0206746508631611 -0.0037 -0.0043 0 0 0.0324258413609104 0.0341253491368389
1795 0.0421 0.0209 0.0195 -0.0252349349717962 -0.0211445292918693 -0.0339 -0.0398 0 0 0.00386506502820385 0.000655470708130712
1796 0.0459 0.0213 0.0202 -0.0257957113045027 -0.0216144077205775 -0.0499 -0.0587 0 0 -0.00849571130450272 -0.0142144077205775
1797 0.0478 0.0217 0.0209 -0.0263564876372093 -0.0220842861492857 -0.0725 -0.0853 0 0 -0.0293564876372093 -0.0386842861492857
1798 0.0497 0.0221 0.0215 -0.0269172639699159 -0.0225541645779939 -0.0915 -0.1077 0 0 -0.0466172639699159 -0.0590541645779939
1799 0.0535 0.0224 0.0221 -0.0274780403026225 -0.0230240430067021 -0.1057 -0.1244 0 0 -0.0572780403026225 -0.0718240430067021
1800 0.0554 0.0229 0.0229 -0.0280388166353291 -0.0234939214354103 -0.1089 -0.1282 0 0 -0.0586388166353291 -0.0733939214354103
1801 0.0592 0.0233 0.0236 -0.0285995929680356 -0.0239637998641185 -0.0724 -0.0852 0 0 -0.0184995929680356 -0.0263637998641185
1802 0.0611 0.0238 0.0243 -0.0291603693007422 -0.0244336782928267 -0.1026 -0.1207 0 0 -0.0468603693007422 -0.0597336782928267
1803 0.063 0.0244 0.0251 -0.0297211456334488 -0.0249035567215349 -0.1454 -0.1711 0 0 -0.0877211456334488 -0.107903556721535
1804 0.0668 0.025 0.026 -0.0302819219661554 -0.0253734351502431 -0.1519 -0.1788 0 0 -0.0903819219661554 -0.111373435150243
1805 0.0687 0.0255 0.0268 -0.0308426982988620 -0.0258433135789514 -0.1575 -0.1853 0 0 -0.094142698298862 -0.115643313578951
1806 0.0725 0.026 0.0275 -0.0314034746315685 -0.0263131920076596 -0.1871 -0.2202 0 0 -0.120003474631569 -0.146513192007660
1807 0.0744 0.0266 0.0284 -0.0319642509642751 -0.0267830704363678 -0.2014 -0.237 0 0 -0.132364250964275 -0.160983070436368
1808 0.0763 0.0271 0.0292 -0.0325250272969817 -0.0272529488650760 -0.208 -0.2448 0 0 -0.137125027296982 -0.166552948865076
1809 0.08 0.0278 0.0301 -0.0330858036296883 -0.0277228272937842 -0.2148 -0.2528 0 0 -0.140085803629688 -0.170422827293784
1810 0.0819 0.0285 0.031 -0.0336465799623949 -0.0281927057224924 -0.2192 -0.258 0 0 -0.142446579962395 -0.173292705722492
1811 0.0857 0.0293 0.0321 -0.0342073562951014 -0.0286625841512006 -0.2205 -0.2595 0 0 -0.139707356295101 -0.170362584151201
1812 0.0876 0.0299 0.033 -0.034768132627808 -0.0291324625799088 -0.216 -0.2542 0 0 -0.133268132627808 -0.162732462579909
1813 0.0895 0.0307 0.034 -0.0353289089605146 -0.029602341008617 -0.2121 -0.2497 0 0 -0.127228908960515 -0.155802341008617
1814 0.0914 0.0314 0.0349 -0.0358896852932212 -0.0300722194373252 -0.2108 -0.2481 0 0 -0.123889685293221 -0.151872219437325
1815 0.0952 0.0321 0.0359 -0.0364504616259278 -0.0305420978660334 -0.2034 -0.2393 0 0 -0.112550461625928 -0.138742097866033
1816 0.097 0.033 0.037 -0.0370112379586343 -0.0310119762947416 -0.1785 -0.2101 0 0 -0.0855112379586343 -0.107111976294742
1817 0.0989 0.0338 0.038 -0.0375720142913409 -0.0314818547234498 -0.1783 -0.2098 0 0 -0.083172014291341 -0.104381854723450
1818 0.1008 0.0346 0.0391 -0.0381327906240475 -0.031951733152158 -0.1813 -0.2134 0 0 -0.0840327906240475 -0.105451733152158
1819 0.1027 0.0356 0.0403 -0.0386935669567541 -0.0324216115808662 -0.1793 -0.211 0 0 -0.079693566956754 -0.100421611580866
1820 0.1046 0.0364 0.0413 -0.0392543432894607 -0.0328914900095744 -0.1852 -0.218 0 0 -0.0834543432894607 -0.104991490009574
1821 0.1065 0.0373 0.0424 -0.0398151196221673 -0.0333613684382826 -0.1853 -0.2181 0 0 -0.0813151196221673 -0.102561368438283
1822 0.1083 0.0383 0.0436 -0.0403758959548738 -0.0338312468669909 -0.18 -0.2118 0 0 -0.0737758959548738 -0.0937312468669909
1823 0.1102 0.0393 0.0448 -0.0409366722875804 -0.0343011252956991 -0.1744 -0.2053 0 0 -0.0658366722875804 -0.0846011252956991
1824 0.1121 0.0403 0.0461 -0.041497448620287 -0.0347710037244073 -0.1609 -0.1894 0 0 -0.049997448620287 -0.0659710037244073
1825 0.114 0.0413 0.0472 -0.0420582249529936 -0.0352408821531155 -0.1397 -0.1644 0 0 -0.0264582249529936 -0.0384408821531154
1826 0.1159 0.0423 0.0485 -0.0426190012857002 -0.0357107605818237 -0.1132 -0.1333 0 0 0.00238099871429984 -0.00461076058182369
1827 0.1177 0.0442 0.05 -0.0431797776184067 -0.0361806390105319 -0.0846 -0.0995 0 0 0.0341202223815932 0.0320193609894681
1828 0.1177 0.0463 0.0517 -0.0437405539511133 -0.0366505174392401 -0.0576 -0.0677 0 0 0.0626594460488867 0.0650494825607599
1829 0.1196 0.0483 0.0532 -0.0443013302838199 -0.0371203958679483 -0.0424 -0.0499 0 0 0.0811986697161801 0.0857796041320517
1830 0.1215 0.0503 0.0548 -0.0448621066165265 -0.0375902742966565 -0.0234 -0.0275 0 0 0.103537893383474 0.111209725703344
1831 0.1234 0.0523 0.0564 -0.0454228829492331 -0.0380601527253647 -0.0373 -0.0439 0 0 0.0929771170507669 0.0978398472746353
1832 0.1252 0.0544 0.0581 -0.0459836592819396 -0.0385300311540729 -0.0439 -0.0516 0 0 0.0897163407180604 0.0931699688459271
1833 0.1271 0.0566 0.0598 -0.0465444356146462 -0.0389999095827811 -0.0486 -0.0572 0 0 0.0885555643853538 0.0907000904172189
1834 0.129 0.0587 0.0615 -0.0471052119473528 -0.0394697880114893 -0.0302 -0.0356 0 0 0.110394788052647 0.115430211988511
1835 0.1327 0.0608 0.0632 -0.0476659882800594 -0.0399396664401975 0.0244 0.0288 0 0 0.170234011719941 0.184760333559802
1836 0.1346 0.063 0.065 -0.048226764612766 -0.0404095448689057 0.0973 0.1146 0 0 0.246673235387234 0.273790455131094
1837 0.1365 0.0651 0.0666 -0.0487875409454726 -0.0408794232976140 0.1144 0.1346 0 0 0.267212459054527 0.296820576702386
1838 0.1384 0.0675 0.0685 -0.0493483172781791 -0.0413493017263222 0.0856 0.1008 0 0 0.242151682721821 0.266350698273678
1839 0.1421 0.0697 0.0703 -0.0499090936108857 -0.0418191801550304 0.0756 0.089 0 0 0.237490906389114 0.259580819844970
1840 0.144 0.0719 0.072 -0.0504698699435923 -0.0422890585837386 0.0578 0.068 0 0 0.223230130056408 0.241710941416261
1841 0.1458 0.0741 0.0738 -0.0510306462762989 -0.0427589370124468 0.031 0.0365 0 0 0.199869353723701 0.213341062987553
1842 0.1496 0.0765 0.0758 -0.0515914226090055 -0.043228815441155 0.0183 0.0216 0 0 0.192808577390995 0.203771184558845
1843 0.1514 0.079 0.0777 -0.052152198941712 -0.0436986938698632 8e-04 0.001 0 0 0.179047801058288 0.186401306130137
1844 0.1552 0.0813 0.0796 -0.0527129752744186 -0.0441685722985714 -0.0013 -0.0016 0 0 0.182487024725581 0.189031427701429
1845 0.157 0.0836 0.0815 -0.0532737516071252 -0.0446384507272796 0.0123 0.0144 0 0 0.199626248392875 0.208261549272720
1846 0.1589 0.0862 0.0835 -0.0538345279398318 -0.0451083291559878 0.02 0.0236 0 0 0.211265472060168 0.220891670844012
1847 0.1626 0.0889 0.0857 -0.0543953042725384 -0.045578207584696 0.0367 0.0432 0 0 0.233804695727462 0.245921792415304
1848 0.1645 0.0914 0.0877 -0.0549560806052449 -0.0460480860134042 0.0637 0.075 0 0 0.264643919394755 0.281151913986596
1849 0.1664 0.094 0.0898 -0.0555168569379515 -0.0465179644421124 0.0597 0.0703 0 0 0.264583143062048 0.279982035557888
1850 0.1701 0.0968 0.092 -0.0560776332706581 -0.0469878428708206 0.0191 0.0224 0 0 0.229922366729342 0.237512157129179
1851 0.1719 0.0993 0.0942 -0.0568177825664021 -0.0476058228613858 0.0204 0.024 0 0 0.234782217433598 0.242494177138614
1852 0.1738 0.1018 0.0965 -0.0580108417372767 -0.048601834765843 0.009 0.0106 0 0 0.226589158262723 0.232298165234157
1853 0.1757 0.1062 0.0993 -0.0591672497036882 -0.0495671068838295 -0.011 -0.0129 0 0 0.211732750296312 0.212532893116171
1854 0.1775 0.1069 0.101 -0.0625957396722024 -0.0524281007250615 -0.0364 -0.0428 0 0 0.185404260327798 0.183271899274939
1855 0.1812 0.1113 0.1038 -0.0634160486246778 -0.0531124470637087 -0.0523 -0.0615 0 0 0.176783951375322 0.170387552936291
1856 0.1831 0.114 0.1062 -0.065245355245048 -0.054638300893796 -0.0529 -0.0622 0 0 0.178954644754952 0.172461699106204
1857 0.1849 0.1184 0.1091 -0.0658625676022715 -0.0551530486724825 -0.0321 -0.0378 0 0 0.205337432397729 0.201046951327518
1858 0.1868 0.121 0.1114 -0.0664558150243522 -0.0556477724613545 0.0026 0.0031 0 0 0.243944184975648 0.245652227538646
1859 0.1886 0.1256 0.1145 -0.0686370616395949 -0.057466452106389 0.0498 0.0586 0 0 0.295362938360405 0.304233547893611
1860 0.1905 0.1283 0.1168 -0.0713712500773533 -0.059745461358723 0.0611 0.0719 0 0 0.308528749922647 0.319454538641277
1861 0.1923 0.1327 0.1197 -0.0726715980712895 -0.0608290573596001 0.0428 0.0504 0 0 0.295128401928710 0.3015709426404
1862 0.1942 0.1356 0.1222 -0.0734985408560033 -0.0615180670578217 0.0167 0.0197 0 0 0.273001459143997 0.274581932942178
1863 0.196 0.1402 0.1253 -0.076224418513525 -0.063788765529919 0.0074 0.0087 0 0 0.267375581486475 0.266211234470081
1864 0.1979 0.1448 0.1283 -0.0789809686854609 -0.0660842250984381 0 0 0 0 0.263719031314539 0.260115774901562
1865 0.1997 0.1456 0.1301 -0.081062905114027 -0.0678173878654453 -0.0177 -0.0209 0 0 0.246537094885973 0.241082612134555
1866 0.2034 0.1505 0.1333 -0.0822496928981492 -0.0688051579104858 -0.0276 -0.0325 0 0 0.244050307101851 0.235394842089514
1867 0.2053 0.157 0.137 -0.0862383886379606 -0.0721238929444778 -0.0377 -0.0444 0 0 0.238361611362039 0.225776107055522
1868 0.2071 0.1617 0.1402 -0.0882875454215102 -0.073828217011797 -0.011 -0.013 0 0 0.26951245457849 0.260471782988203
1869 0.2108 0.1664 0.1433 -0.0918994230565805 -0.0768312185936373 0.0295 0.0347 0 0 0.314800576943419 0.311968781406363
1870 0.2127 0.173 0.1471 -0.0936965050997223 -0.0783248478464961 0.0743 0.0874 0 0 0.366303494900278 0.368875152153504
1871 0.2164 0.176 0.1497 -0.0972497796156282 -0.0812771281998288 0.0603 0.071 0 0 0.355450220384372 0.355822871800171
1872 0.2201 0.1811 0.1532 -0.103695668480274 -0.0866294047358574 0.0493 0.058 0 0 0.346804331519726 0.344670595264143
1873 0.2219 0.186 0.1564 -0.108129063603374 -0.0903081088285785 0.0097 0.0115 0 0 0.309470936396626 0.299491891171421
1874 0.2256 0.1888 0.1589 -0.106104857131290 -0.0886287350727253 -0.0181 -0.0213 0 0 0.29019514286871 0.274571264927275
1875 0.2293 0.1936 0.1622 -0.110150762386657 -0.0919849748956316 -0.0556 -0.0655 0 0 0.257149237613343 0.234015025104368
1876 0.2329 0.1965 0.1648 -0.112515861377659 -0.0939461269904775 -0.0626 -0.0736 0 0 0.254284138622341 0.230153873009523
1877 0.2366 0.2014 0.168 -0.115441543865655 -0.0963713094217732 -0.0663 -0.078 0 0 0.256258456134345 0.230228690578227
1878 0.2403 0.2081 0.1719 -0.115763740616083 -0.0966383329376042 -0.085 -0.1001 0 0 0.247636259383917 0.215461667062396
1879 0.244 0.213 0.1752 -0.122423637365845 -0.102155355542145 -0.0851 -0.1002 0 0 0.249476362634155 0.216844644457855
1880 0.2476 0.2182 0.1788 -0.131975961266146 -0.110060364295196 -0.0665 -0.0783 0 0 0.267324038733854 0.238039635704804
1881 0.2531 0.2235 0.1824 -0.135731488733773 -0.113165635783646 -0.0396 -0.0466 0 0 0.301268511266227 0.275734364216354
1882 0.2568 0.2287 0.1859 -0.142277647445452 -0.118574831768095 -0.055 -0.0648 0 0 0.288222352554548 0.259325168231905
1883 0.2604 0.234 0.1895 -0.149429706788684 -0.124479581914905 -0.0747 -0.0879 0 0 0.270270293211316 0.237520418085095
1884 0.2659 0.2391 0.1929 -0.152426059039282 -0.126951788436833 -0.0617 -0.0726 0 0 0.290873940960718 0.259248211563167
1885 0.2696 0.246 0.197 -0.154180832765393 -0.128399168427333 -0.0674 -0.0793 0 0 0.294019167234607 0.258900831572667
1886 0.2751 0.253 0.201 -0.156371726718303 -0.130205820210728 -0.0867 -0.102 0 0 0.285028273281697 0.243894179789272
1887 0.2787 0.2618 0.2057 -0.162189026499992 -0.135000444679711 -0.0921 -0.1084 0 0 0.286210973500008 0.240999555320289
1888 0.2842 0.2691 0.2101 -0.176373555051659 -0.146676561529883 -0.0945 -0.1112 0 0 0.282426444948341 0.236423438470117
1889 0.2896 0.2782 0.215 -0.175119219492442 -0.145644889381718 -0.088 -0.1036 0 0 0.304680780507558 0.255355110618282
1890 0.2933 0.2874 0.2199 -0.189857645047505 -0.157756674875437 -0.0825 -0.0971 0 0 0.308342354952495 0.258343325124563
1891 0.2987 0.2928 0.2236 -0.198116727174224 -0.164533961558696 -0.0475 -0.0559 0 0 0.345883272825776 0.301866038441304
1892 0.3023 0.2981 0.2273 -0.203007404559610 -0.168543837663196 -0.0138 -0.0162 0 0 0.38359259544039 0.344856162336804
1893 0.3078 0.3014 0.2302 -0.203444376944405 -0.168901991141424 -0.0107 -0.0126 0 0 0.395055623055595 0.356498008858576
1894 0.3114 0.3066 0.2338 -0.206314734362355 -0.171254114248696 -0.0055 -0.0065 0 0 0.406185265637645 0.367445885751304
1895 0.3168 0.312 0.2375 -0.217998242502769 -0.180819364275122 -0.0076 -0.0089 0 0 0.403201757497231 0.364580635724878
1896 0.3204 0.3232 0.2432 -0.223211566557917 -0.185082920506138 -0.0184 -0.0217 0 0 0.401988433442083 0.356817079493862
1897 0.3241 0.3308 0.2477 -0.231593966275651 -0.191932292491144 -0.0552 -0.065 0 0 0.368106033724349 0.314867707508856
1898 0.3295 0.3423 0.2536 -0.243228802263519 -0.201427195165719 -0.0483 -0.0568 0 0 0.380271197736481 0.324872804834281
1899 0.3331 0.354 0.2596 -0.260487043021269 -0.215485388316849 -0.0593 -0.0697 0 0 0.367312956978731 0.307514611683151
1900 0.3385 0.3656 0.2656 -0.270769351052574 -0.223846485500585 -0.0683 -0.0804 -0.000921 -0.000921 0.364109648947425 0.298932514499416
1901 0.3421 0.3735 0.2704 -0.282070447287193 -0.233023412203222 -0.0859 -0.1011 -0.000921 -0.000921 0.346708552712807 0.277455587796778
1902 0.3475 0.3832 0.2757 -0.289548480764538 -0.239088616780355 -0.0922 -0.1086 -0.164859 -0.164859 0.184092519235462 0.110652383219645
1903 0.3511 0.3929 0.2811 -0.311370165249770 -0.256754574416842 -0.0708 -0.0833 -1.212957 -1.212957 -0.85112716524977 -0.920811574416842
1904 0.3565 0.401 0.2859 -0.314124850719305 -0.258981173212379 -0.0473 -0.0556 -0.549837 -0.549837 -0.153761850719305 -0.222018173212379
1905 0.3619 0.4092 0.2909 -0.331698183003516 -0.273167262986873 -0.0758 -0.0892 -0.167622 -0.167622 0.195979816996484 0.122810737013127
1906 0.3673 0.4213 0.2972 -0.346738606663640 -0.285283505213362 -0.0542 -0.0638 -0.068154 -0.068154 0.319507393336360 0.247262494786638
1907 0.3726 0.4314 0.3029 -0.376966381549078 -0.309564393598321 -0.067 -0.0789 -0.118809 -0.118809 0.241224618450922 0.168226606401679
1908 0.378 0.4432 0.309 -0.362913053669073 -0.298287461702138 -0.0581 -0.0684 -0.072759 -0.072759 0.327427946330927 0.247553538297862
1909 0.3834 0.453 0.3144 -0.379369880598104 -0.311491038262617 -0.0629 -0.074 -0.026709 -0.026709 0.367421119401896 0.285599961737383
1910 0.3887 0.4648 0.3206 -0.394980115653988 -0.323989896981769 -0.0758 -0.0892 -0.010131 -0.010131 0.372588884346012 0.285979103018231
1911 0.3941 0.4709 0.3248 -0.404087214446703 -0.331270367614794 -0.0786 -0.0925 -0.003684 -0.003684 0.378628785553297 0.291445632385206
1912 0.3994 0.477 0.3291 -0.42454575255965 -0.347594854078303 -0.0702 -0.0827 -0.284589 -0.284589 0.0970652474403505 0.0136161459216974
1913 0.4048 0.4848 0.3338 -0.450323303661701 -0.368103361276351 -0.0592 -0.0696 -0.20262 -0.20262 0.177456696338299 0.0982766387236488
1914 0.4101 0.492 0.3382 -0.425438117598398 -0.348305935631947 -0.0459 -0.0541 -0.04605 -0.04605 0.384711882401602 0.299844064368053
1915 0.4154 0.4994 0.3427 -0.432630485308445 -0.354034242152513 0.0074 0.0087 -0.014736 -0.014736 0.474833514691555 0.398029757847487
1916 0.4208 0.5029 0.3458 -0.458144189913925 -0.37431240088928 0.0365 0.043 -0.005526 -0.005526 0.496529810086075 0.42976159911072
1917 0.4261 0.5069 0.3493 -0.472589039409177 -0.385764102407651 0.0734 0.0864 -0.002763 -0.002763 0.531047960590823 0.473272897592349
1918 0.4332 0.5126 0.3533 -0.470218597888590 -0.383886279053107 0.0685 0.0806 -0.000921 -0.000921 0.54316040211141 0.482292720946893
1919 0.4385 0.5175 0.3568 -0.413259999205233 -0.338594849014329 0.0338 0.0397 -0.000921 -0.000921 0.575619000794767 0.495484150985671
1920 0.4438 0.519 0.3593 -0.447322798482722 -0.365719614041259 0.0165 0.0194 -0.000921 -0.000921 0.531056201517278 0.455859385958741
1921 0.4491 0.5224 0.3624 -0.397420650799951 -0.325941754907017 0.0037 0.0044 -0.002763 -0.002763 0.575016349200049 0.487195245092983
1922 0.4544 0.5262 0.3658 -0.419105396854596 -0.343257963065187 -0.0128 -0.0151 -0.077364 -0.077364 0.471330603145404 0.384478036934813
1923 0.4597 0.5308 0.3697 -0.489990649565654 -0.39953216097139 -0.0142 -0.0167 -0.058023 -0.058023 0.428286350434347 0.35514483902861
1924 0.4649 0.5355 0.3737 -0.48763048133979 -0.397666581384234 -0.0151 -0.0178 -0.021183 -0.021183 0.47648651866021 0.401950418615766
1925 0.4702 0.5399 0.3775 -0.500237474260278 -0.407625259044071 -0.0038 -0.0044 -0.008289 -0.008289 0.497773525739722 0.427385740955929
1926 0.4755 0.5441 0.3811 -0.507566316037019 -0.413407279779435 2e-04 2e-04 -0.002763 -0.002763 0.509470683962981 0.440629720220565
1927 0.4808 0.5506 0.3857 -0.524766887451485 -0.426956565347186 0.0265 0.0312 -0.001842 -0.001842 0.531291112548515 0.468901434652814
1928 0.486 0.555 0.3895 -0.521315574079325 -0.424240238278763 0.0115 0.0136 -0.05526 -0.05526 0.475924425920675 0.409599761721237
1929 0.4913 0.5588 0.3929 -0.545955054640881 -0.443606733990988 -0.0039 -0.0046 -0.268932 -0.268932 0.231312945359119 0.167061266009012
1930 0.4965 0.5635 0.3963 -0.508880033344934 -0.414443160441701 0.0049 0.0058 -0.11973 -0.11973 0.436289966655066 0.364426839558299
1931 0.5 0.5579 0.3959 -0.458201445926726 -0.374357834066096 -5e-04 -6e-04 -0.044208 -0.044208 0.554990554073274 0.476734165933904
1932 0.5053 0.5541 0.3962 -0.408062718636185 -0.334445859902622 -0.0052 -0.0062 -0.116967 -0.116967 0.529170281363815 0.443887140097378
1933 0.5105 0.5515 0.3974 -0.429826286220123 -0.351801480136801 -0.0058 -0.0068 -0.074601 -0.074601 0.551772713779876 0.474697519863199
1934 0.514 0.5503 0.3994 -0.467560483086042 -0.381779896596529 0.0152 0.0179 -0.02763 -0.02763 0.584309516913958 0.521890103403471
1935 0.5192 0.552 0.4027 -0.498113447334724 -0.405948529413285 0.0472 0.0556 -0.010131 -0.010131 0.610155552665276 0.561420470586715
1936 0.5245 0.5573 0.4068 -0.527187830679607 -0.428861244737294 0.1121 0.1319 -0.001842 -0.001842 0.664870169320393 0.632496755262706
1937 0.5297 0.564 0.4111 -0.557779555792026 -0.452879473042027 0.1103 0.1298 -0.000921 -0.000921 0.645299444207974 0.616799526957973
1938 0.5331 0.5723 0.4158 -0.516773232641044 -0.420663428445928 0.1141 0.1343 -0.000921 -0.000921 0.701805767358956 0.661615571554072
1939 0.5384 0.5784 0.4197 -0.541610995165102 -0.440196678558027 0.113 0.1329 -0.000921 -0.000921 0.687268004834898 0.649882321441973
1940 0.5436 0.5865 0.4244 -0.579843268127786 -0.470145084440522 0.124 0.1459 -0.000921 -0.000921 0.673335731872214 0.642833915559478
1941 0.5488 0.5795 0.424 -0.594223204148596 -0.481372264198652 0.1184 0.1394 -0.000921 -0.000921 0.651555795851404 0.629906735801347
1942 0.554 0.5764 0.4251 -0.606356748994244 -0.49082990716635 0.1056 0.1243 -0.000921 -0.000921 0.628722251005757 0.61164909283365
1943 0.5591 0.5711 0.4255 -0.607096246302539 -0.49140585524352 0.0868 0.1022 -0.000921 -0.000921 0.608982753697461 0.59447314475648
1944 0.5661 0.5674 0.4263 -0.591686431565178 -0.479393135379195 0.094 0.1106 -0.000921 -0.000921 0.634892568434822 0.622685864620805
1945 0.5712 0.562 0.4268 -0.534830161189753 -0.434870053408839 0.127 0.1495 -0.000921 -0.000921 0.724448838810247 0.711708946591161
1946 0.5781 0.5589 0.4282 -0.532058442972957 -0.432691447463960 0.1378 0.1622 -0.000921 -0.000921 0.741820557027043 0.73488755253604
1947 0.5833 0.5558 0.4299 -0.591237941967265 -0.479043169414491 0.1957 0.2303 -0.000921 -0.000921 0.742641058032735 0.763535830585509
1948 0.5902 0.5535 0.4327 -0.614016300062268 -0.49679288127052 0.2328 0.274 -0.000921 -0.000921 0.761562699937732 0.79918611872948
1949 0.5988 0.5523 0.4358 -0.593721454072345 -0.480980860591594 0.212 0.2495 -0.000921 -0.000921 0.768457545927655 0.802198139408406
1950 0.6056 0.5515 0.4394 -0.653448263168725 -0.527401067786804 0.1872 0.2203 -0.000921 -0.000921 0.689930736831275 0.736977932213196
1951 0.6125 0.5546 0.4448 -0.677961871694844 -0.546354002454622 0.164 0.1931 -0.000921 -0.000921 0.652217128305156 0.703124997545378
1952 0.621 0.5583 0.4503 -0.690210960867212 -0.555803049971198 0.1533 0.1804 -0.000921 -0.000921 0.641468039132788 0.694975950028802
1953 0.6296 0.5595 0.4551 -0.701003384236244 -0.564116618728698 0.1397 0.1645 -0.044208 -0.044208 0.583588615763756 0.640875381271302
1954 0.6381 0.5616 0.4603 -0.712617309752779 -0.573050701421955 0.1369 0.1612 -0.05526 -0.05526 0.568722690247221 0.631289298578045
1955 0.6483 0.5646 0.4662 -0.769568651049676 -0.616677706563704 0.176 0.2071 -0.020262 -0.020262 0.599069348950324 0.684660293436296
1956 0.6568 0.571 0.4734 -0.813906133674743 -0.650433750982153 0.2598 0.3058 -0.008289 -0.008289 0.665404866325257 0.777277249017847
1957 0.667 0.578 0.4813 -0.842721956015666 -0.672276070564563 0.3107 0.3657 -0.003684 -0.003684 0.709294043984334 0.838039929435437
1958 0.6788 0.5831 0.4886 -0.85709911220542 -0.683145785412085 0.2936 0.3455 -0.001842 -0.001842 0.69655888779458 0.827912214587915
1959 0.689 0.5903 0.4966 -0.894312171913572 -0.711194176759162 0.245 0.2883 -0.000921 -0.000921 0.629066828086428 0.761784823240838
1960 0.7008 0.5957 0.5043 -0.944254715262335 -0.748643923417058 0.2532 0.298 -0.000921 -0.000921 0.604524284737665 0.753535076582942
1961 0.7125 0.5982 0.5116 -0.954435206288954 -0.756250977144265 0.2081 0.2449 -0.000921 -0.000921 0.563443793711046 0.711828022855735
1962 0.7243 0.6022 0.5202 -0.978868066544915 -0.774470937090083 0.1753 0.2063 -0.000921 -0.000921 0.522010933455085 0.675408062909917
1963 0.736 0.6089 0.5302 -1.01129557108445 -0.79857319462348 0.158 0.186 -0.704565 -0.704565 -0.21296057108445 -0.0509381946234798
1964 0.7494 0.6146 0.5401 -1.00810291730812 -0.796204198420778 0.1301 0.1531 -0.833505 -0.833505 -0.347507917308123 -0.187109198420778
1965 0.7627 0.6211 0.5507 -1.04706391256750 -0.825054698440277 0.1236 0.1455 -0.378531 -0.378531 0.0818050874324976 0.255314301559723
1966 0.7777 0.6282 0.5638 -1.07383323212880 -0.844803223899122 0.1453 0.171 -0.141834 -0.141834 0.335532767871199 0.525862776100878
1967 0.7926 0.6377 0.5793 -1.05620305712698 -0.831803659658107 0.1592 0.1873 -0.054339 -0.054339 0.478957942873024 0.673057340341893
1968 0.8091 0.648 0.5953 -1.1174494510675 -0.876852768299115 0.1706 0.2007 -0.173148 -0.173148 0.337102548932501 0.555099231700885
1969 0.8272 0.6592 0.612 -1.15448934580935 -0.90394768750488 0.17 0.2001 -0.352743 -0.352743 0.149167654190648 0.382609312495121
1970 0.8453 0.6693 0.6287 -1.18829999502748 -0.928583815998608 0.1463 0.1722 -0.161175 -0.161175 0.311425004972522 0.556441184001392
1971 0.8649 0.6917 0.6489 -1.18024823712271 -0.922725194169062 0.115 0.1354 -0.061707 -0.061707 0.429644762877295 0.664767805830939
1972 0.8845 0.7138 0.6679 -1.19359241470690 -0.932431879215187 0.1298 0.1527 -0.028551 -0.028551 0.505956585293103 0.744117120784813
1973 0.904 0.7327 0.6852 -1.22565007962460 -0.955693354160017 0.1023 0.1203 -0.011052 -0.011052 0.502297920375397 0.742754645839983
1974 0.925 0.7506 0.7007 -1.20650413936602 -0.941810546387448 0.1067 0.1255 -0.019341 -0.019341 0.556454860633977 0.790048453612552
1975 0.9443 0.7638 0.713 -1.1810955410312 -0.923341952775846 0.0889 0.1047 -0.261564 -0.261564 0.354340458968801 0.577094047224154
1976 0.9668 0.7698 0.723 -1.21412920205852 -0.947342967110593 0.0906 0.1066 -0.149202 -0.149202 0.463868797941479 0.699855032889407
1977 0.9876 0.7782 0.7345 -1.22075707704932 -0.952148154887032 0.1315 0.1548 -0.059865 -0.059865 0.616677922950677 0.864886845112968
1978 1.0115 0.785 0.7452 -1.21382796243417 -0.947124487338136 0.2267 0.2668 -0.025788 -0.025788 0.78358403756583 1.05058751266186
1979 1.0337 0.7907 0.7551 -1.22990089549106 -0.958771738791292 0.3231 0.3803 -0.010131 -0.010131 0.907468104508938 1.20019726120871
1980 1.0574 0.7924 0.7628 -1.21003872967514 -0.944375664145787 0.3303 0.3887 -0.003684 -0.003684 0.966377270324864 1.26084033585421
1981 1.0809 0.8069 0.7739 -1.18830722080375 -0.928589071302219 0.297 0.3495 -0.001842 -0.001842 0.994650779196246 1.27386892869778
1982 1.1044 0.8162 0.7827 -1.17197414050663 -0.916699406862805 0.2463 0.2899 -0.700881 -0.700881 0.294044859493374 0.559419593137195
1983 1.1278 0.8285 0.7927 -1.16059239895928 -0.908401455034896 0.2285 0.269 -0.815085 -0.815085 0.209122601040716 0.466013544965104
1984 1.1526 0.8412 0.8037 -1.17243151833266 -0.917032644910992 0.1841 0.2166 -0.350901 -0.350901 0.654567481667344 0.904966355089008
1985 1.1773 0.86 0.8177 -1.17391212839225 -0.918111278547092 0.1624 0.1911 -0.133545 -0.133545 0.892242871607753 1.13444372145291
1986 1.2019 0.88 0.8348 -1.17982088437493 -0.922414099308469 0.1562 0.1838 -0.049734 -0.049734 1.00854511562507 1.24835190069153
1987 1.2263 0.9025 0.8534 -1.19514321835071 -0.933559031236201 0.1877 0.2209 -0.01842 -0.01842 1.10293678164929 1.34862096876380
1988 1.2492 0.9227 0.8707 -1.20087153841382 -0.937720825531294 0.2832 0.3334 -0.006447 -0.006447 1.24778146158618 1.50913217446871
1989 1.2734 0.9445 0.8879 -1.21003872967514 -0.944375664145787 0.3435 0.4042 -0.002763 -0.002763 1.34859827032486 1.61836133585421
1990 1.2961 0.9629 0.904 -1.18346253229974 -0.925064599483204 0.3378 0.3975 -0.000921 -0.000921 1.41241646770026 1.67161440051680
1991 1.3186 0.973 0.914 -1.1639418147575 -0.910844453407591 0.3119 0.3671 -0.632727 -0.632727 0.806831185242501 1.05612854659241
1992 1.3411 0.9805 0.9216 -1.13605428523686 -0.890476247573447 0.266 0.3131 -1.397157 -1.397157 0.0543887147631361 0.288166752426553
1993 1.3634 0.9847 0.9268 -1.11815051666662 -0.877366638995134 0.2184 0.257 -0.636411 -0.636411 0.811938483333385 1.03342236100487
1994 1.3872 0.9916 0.934 -1.10031127931166 -0.864278211233505 0.1787 0.2103 -0.244065 -0.244065 1.21312372068834 1.42315678876649
1995 1.4093 1.0015 0.9436 -1.08259663663318 -0.851255263968426 0.1717 0.2021 -0.095784 -0.095784 1.40411936336682 1.60796073603157
1996 1.4329 1.0116 0.9527 -1.07946909082058 -0.848953346202114 0.1589 0.187 -0.034998 -0.034998 1.48893290917942 1.68864865379789
1997 1.4563 1.0223 0.9626 -1.07100405003492 -0.842718880472298 0.175 0.2059 -0.012894 -0.012894 1.56970194996508 1.76918711952770
1998 1.4797 1.034 0.9732 -1.05498404371569 -0.830903862818418 0.2293 0.2699 -0.004605 -0.004605 1.68341095628431 1.88729113718158
1999 1.5029 1.0464 0.9846 -1.02470162085567 -0.808511212505756 0.271399100766359 0.319409921462182 -0.001842 -0.001842 1.79415547991069 1.99655670895643
2000 1.5275 1.0601 0.9971 -1.01836395763370 -0.803814953013043 0.315515132907592 0.371332325314427 0 0 1.88475117527389 2.09211737230138
2001 1.55105330637728 1.06370000000000 1.00154666666667 -1.01786125006254 -0.803442296637712 0.300603280832547 0.353781807553787 0 0 1.89749533714729 2.10293948396002
2002 1.58117737984241 1.07336000000000 1.01073333333333 -1.01053208476083 -0.79800675556628 0.309426405308386 0.364166191870197 0 0 1.95343170038996 2.15807014947966
2003 1.61838189926081 1.08302000000000 1.01992 -1.03491465664469 -0.816071992088797 0.219784302178141 0.258661837671070 0 0 1.88627154479426 2.08089174484309
2004 1.64304162896120 1.09268000000000 1.02910666666666 -1.06581062289431 -0.838890990887965 0.178028243762071 0.209517007025056 0 0 1.84793924982896 2.04277431176496
2005 1.67462067864378 1.10234000000000 1.03829333333333 -1.09341859241001 -0.859214122964206 0.141404635804918 0.166412818579659 0 0 1.82494672203869 2.02011270759257
2006 1.70391753334861 1.11200000000000 1.04748000000000 -1.09341859241001 -0.859214122964206 0.127101935185920 0.149579242175093 0 0 1.84960087612452 2.04176265255949
2007 1.72985579242028 1.12166000000000 1.05666666666666 -1.09341859241001 -0.859214122964206 0.105637205973210 0.124316309751975 0 0 1.86373440598348 2.05162464587472
2008 1.75566862160854 1.13132000000000 1.06585333333333 -1.09341859241001 -0.859214122964206 0.097544632574568 0.114791748185212 0 0 1.89111466177309 2.07709958016287
2009 1.78025488237782 1.14098000000000 1.07504000000000 -1.09341859241001 -0.859214122964206 0.090104488447139 0.106035063838192 0 0 1.91792077841495 2.10211582325180
