 1850 -0.694 -0.365 -0.825 -0.583 -0.393 -0.312 -0.236 -0.341 -0.513 -0.508 -0.265 -0.326 -0.447
 1851 -0.352 -0.398 -0.511 -0.486 -0.392 -0.269 -0.275 -0.178 -0.212 -0.130 -0.138 -0.165 -0.292
 1852 -0.412 -0.519 -0.550 -0.616 -0.274 -0.111 -0.061 -0.239 -0.209 -0.304 -0.246  0.011 -0.294
 1853 -0.234 -0.414 -0.371 -0.399 -0.341 -0.260 -0.149 -0.234 -0.456 -0.457 -0.274 -0.464 -0.337
 1854 -0.404 -0.333 -0.315 -0.390 -0.297 -0.275 -0.287 -0.229 -0.154 -0.263 -0.445 -0.296 -0.307
 1855 -0.219 -0.429 -0.355 -0.243 -0.393 -0.259 -0.326 -0.208 -0.355 -0.280 -0.257 -0.533 -0.321
 1856 -0.233 -0.413 -0.542 -0.371 -0.170 -0.349 -0.348 -0.333 -0.476 -0.434 -0.669 -0.531 -0.406
 1857 -0.583 -0.345 -0.480 -0.671 -0.594 -0.340 -0.583 -0.366 -0.419 -0.544 -0.716 -0.397 -0.503
 1858 -0.530 -0.772 -0.604 -0.547 -0.721 -0.577 -0.389 -0.331 -0.391 -0.253 -0.684 -0.361 -0.513
 1859 -0.371 -0.250 -0.389 -0.250 -0.339 -0.281 -0.340 -0.152 -0.658 -0.336 -0.390 -0.428 -0.349
 1860 -0.208 -0.445 -0.605 -0.370 -0.352 -0.335 -0.160 -0.235 -0.271 -0.232 -0.517 -0.737 -0.372
 1861 -0.811 -0.477 -0.491 -0.375 -0.765 -0.172 -0.308 -0.173 -0.379 -0.397 -0.410 -0.191 -0.412
 1862 -0.727 -0.784 -0.445 -0.255 -0.250 -0.395 -0.404 -0.749 -0.447 -0.449 -0.789 -0.783 -0.540
 1863  0.160 -0.076 -0.411 -0.244 -0.338 -0.452 -0.453 -0.400 -0.411 -0.447 -0.378 -0.326 -0.315
 1864 -0.948 -0.638 -0.580 -0.570 -0.423 -0.251 -0.162 -0.361 -0.459 -0.757 -0.467 -0.572 -0.516
 1865 -0.201 -0.616 -0.620 -0.179 -0.254 -0.251 -0.166 -0.262 -0.081 -0.337 -0.252 -0.348 -0.297
 1866 -0.066 -0.206 -0.648 -0.241 -0.569  0.002 -0.065 -0.310 -0.313 -0.433 -0.375 -0.408 -0.303
 1867 -0.395  0.006 -0.663 -0.247 -0.511 -0.292 -0.315 -0.253 -0.117 -0.257 -0.325 -0.635 -0.334
 1868 -0.771 -0.487 -0.084 -0.407 -0.094 -0.234  0.084 -0.150 -0.267 -0.338 -0.560 -0.190 -0.291
 1869 -0.203  0.173 -0.641 -0.258 -0.328 -0.424 -0.311 -0.188 -0.258 -0.498 -0.452 -0.370 -0.313
 1870 -0.090 -0.431 -0.488 -0.228 -0.164 -0.249 -0.037 -0.273 -0.302 -0.404 -0.229 -0.730 -0.302
 1871 -0.497 -0.507 -0.019 -0.153 -0.280 -0.212 -0.040 -0.259 -0.469 -0.530 -0.579 -0.584 -0.344
 1872 -0.349 -0.371 -0.475 -0.197 -0.093 -0.225 -0.131 -0.081 -0.164 -0.265 -0.289 -0.417 -0.255
 1873 -0.063 -0.389 -0.311 -0.549 -0.410 -0.278 -0.188 -0.181 -0.382 -0.459 -0.464 -0.299 -0.331
 1874  0.014 -0.491 -0.597 -0.538 -0.459 -0.427 -0.167 -0.363 -0.224 -0.495 -0.570 -0.449 -0.397
 1875 -0.584 -0.629 -0.627 -0.467 -0.196 -0.263 -0.319 -0.234 -0.314 -0.397 -0.509 -0.483 -0.418
 1876 -0.302 -0.286 -0.445 -0.338 -0.545 -0.306 -0.161 -0.295 -0.471 -0.428 -0.591 -0.666 -0.403
 1877 -0.310  0.089 -0.312 -0.287 -0.470 -0.102 -0.029  0.097  0.002  0.005  0.043  0.180 -0.091
 1878  0.155  0.364  0.293  0.309 -0.117 -0.010 -0.053 -0.044 -0.022 -0.120 -0.138 -0.335  0.023
 1879 -0.199 -0.161 -0.187 -0.254 -0.177 -0.223 -0.220 -0.243 -0.251 -0.215 -0.476 -0.575 -0.265
 1880 -0.010 -0.251 -0.176 -0.158 -0.250 -0.340 -0.296 -0.156 -0.253 -0.412 -0.476 -0.340 -0.260
 1881 -0.401 -0.261 -0.257 -0.187 -0.048 -0.247 -0.128 -0.150 -0.298 -0.320 -0.432 -0.182 -0.242
 1882  0.054 -0.055 -0.049 -0.291 -0.394 -0.354 -0.248 -0.282 -0.134 -0.343 -0.357 -0.499 -0.246
 1883 -0.450 -0.336 -0.297 -0.359 -0.310 -0.079 -0.194 -0.197 -0.318 -0.389 -0.318 -0.324 -0.298
 1884 -0.338 -0.247 -0.377 -0.493 -0.351 -0.384 -0.380 -0.372 -0.295 -0.293 -0.592 -0.450 -0.381
 1885 -0.542 -0.501 -0.425 -0.456 -0.446 -0.492 -0.304 -0.354 -0.245 -0.274 -0.201 -0.102 -0.362
 1886 -0.373 -0.475 -0.382 -0.171 -0.064 -0.264 -0.185 -0.181 -0.246 -0.296 -0.393 -0.268 -0.275
 1887 -0.421 -0.503 -0.362 -0.397 -0.288 -0.400 -0.234 -0.369 -0.302 -0.495 -0.435 -0.438 -0.387
 1888 -0.653 -0.512 -0.581 -0.246 -0.332 -0.265 -0.348 -0.291 -0.255 -0.146 -0.211 -0.200 -0.337
 1889 -0.138 -0.114 -0.074 -0.013 -0.106 -0.163 -0.215 -0.257 -0.366 -0.321 -0.411 -0.128 -0.192
 1890 -0.298 -0.356 -0.428 -0.332 -0.441 -0.408 -0.442 -0.457 -0.483 -0.529 -0.588 -0.406 -0.431
 1891 -0.525 -0.525 -0.410 -0.379 -0.249 -0.359 -0.388 -0.371 -0.217 -0.354 -0.597 -0.167 -0.378
 1892 -0.442 -0.160 -0.465 -0.517 -0.453 -0.463 -0.546 -0.462 -0.363 -0.483 -0.644 -0.814 -0.484
 1893 -0.970 -0.750 -0.413 -0.591 -0.607 -0.490 -0.300 -0.328 -0.461 -0.327 -0.459 -0.364 -0.505
 1894 -0.462 -0.434 -0.407 -0.431 -0.473 -0.508 -0.356 -0.381 -0.502 -0.492 -0.453 -0.424 -0.444
 1895 -0.500 -0.730 -0.562 -0.452 -0.442 -0.361 -0.392 -0.293 -0.257 -0.383 -0.318 -0.347 -0.420
 1896 -0.241 -0.230 -0.401 -0.357 -0.249 -0.147 -0.144 -0.112 -0.143 -0.152 -0.287 -0.070 -0.211
 1897 -0.261 -0.158 -0.307 -0.090 -0.075 -0.189 -0.189 -0.191 -0.174 -0.301 -0.491 -0.492 -0.243
 1898 -0.135 -0.395 -0.733 -0.583 -0.482 -0.331 -0.402 -0.348 -0.344 -0.571 -0.470 -0.388 -0.432
 1899 -0.228 -0.526 -0.567 -0.357 -0.337 -0.404 -0.325 -0.185 -0.180 -0.220  0.021 -0.457 -0.314
 1900 -0.253 -0.205 -0.309 -0.266 -0.278 -0.185 -0.214 -0.225 -0.243 -0.104 -0.293 -0.102 -0.223
 1901 -0.204 -0.303 -0.306 -0.248 -0.233 -0.202 -0.217 -0.238 -0.384 -0.348 -0.459 -0.476 -0.302
 1902 -0.255 -0.313 -0.424 -0.482 -0.430 -0.484 -0.429 -0.400 -0.397 -0.497 -0.532 -0.534 -0.431
 1903 -0.288 -0.193 -0.375 -0.495 -0.505 -0.594 -0.499 -0.635 -0.574 -0.674 -0.620 -0.657 -0.509
 1904 -0.702 -0.643 -0.664 -0.579 -0.584 -0.561 -0.574 -0.519 -0.495 -0.503 -0.398 -0.424 -0.554
 1905 -0.510 -0.712 -0.499 -0.575 -0.384 -0.367 -0.324 -0.318 -0.338 -0.394 -0.269 -0.250 -0.412
 1906 -0.146 -0.271 -0.319 -0.151 -0.373 -0.339 -0.354 -0.361 -0.389 -0.405 -0.503 -0.341 -0.329
 1907 -0.463 -0.539 -0.376 -0.539 -0.605 -0.575 -0.429 -0.500 -0.457 -0.419 -0.613 -0.571 -0.507
 1908 -0.479 -0.487 -0.655 -0.573 -0.541 -0.519 -0.543 -0.552 -0.486 -0.631 -0.628 -0.611 -0.559
 1909 -0.595 -0.600 -0.703 -0.657 -0.624 -0.549 -0.608 -0.381 -0.383 -0.510 -0.473 -0.688 -0.564
 1910 -0.413 -0.594 -0.485 -0.485 -0.554 -0.561 -0.483 -0.506 -0.496 -0.555 -0.715 -0.725 -0.548
 1911 -0.588 -0.774 -0.719 -0.741 -0.640 -0.585 -0.543 -0.533 -0.524 -0.522 -0.447 -0.355 -0.581
 1912 -0.398 -0.392 -0.433 -0.388 -0.424 -0.371 -0.496 -0.593 -0.599 -0.694 -0.567 -0.532 -0.491
 1913 -0.534 -0.568 -0.594 -0.510 -0.558 -0.553 -0.503 -0.438 -0.475 -0.494 -0.336 -0.304 -0.489
 1914 -0.134 -0.313 -0.396 -0.431 -0.334 -0.332 -0.391 -0.268 -0.313 -0.224 -0.228 -0.300 -0.305
 1915 -0.175 -0.106 -0.258 -0.116 -0.274 -0.295 -0.165 -0.139 -0.199 -0.312 -0.191 -0.326 -0.213
 1916 -0.287 -0.236 -0.450 -0.383 -0.421 -0.536 -0.420 -0.391 -0.389 -0.435 -0.609 -0.651 -0.434
 1917 -0.704 -0.769 -0.857 -0.540 -0.693 -0.382 -0.171 -0.249 -0.163 -0.439 -0.442 -0.663 -0.506
 1918 -0.551 -0.583 -0.481 -0.542 -0.475 -0.362 -0.379 -0.417 -0.326 -0.178 -0.120 -0.243 -0.388
 1919 -0.179 -0.105 -0.362 -0.184 -0.324 -0.290 -0.382 -0.393 -0.280 -0.370 -0.609 -0.489 -0.331
 1920 -0.336 -0.536 -0.183 -0.333 -0.250 -0.260 -0.354 -0.297 -0.215 -0.298 -0.325 -0.374 -0.314
 1921 -0.221 -0.283 -0.330 -0.291 -0.228 -0.167 -0.193 -0.337 -0.207 -0.203 -0.391 -0.279 -0.261
 1922 -0.447 -0.377 -0.368 -0.334 -0.444 -0.386 -0.326 -0.374 -0.364 -0.392 -0.373 -0.381 -0.381
 1923 -0.304 -0.484 -0.458 -0.438 -0.362 -0.298 -0.453 -0.427 -0.393 -0.370 -0.101 -0.071 -0.347
 1924 -0.361 -0.243 -0.338 -0.349 -0.323 -0.312 -0.362 -0.300 -0.382 -0.336 -0.407 -0.604 -0.360
 1925 -0.487 -0.331 -0.267 -0.315 -0.324 -0.309 -0.269 -0.180 -0.227 -0.374 -0.147 -0.059 -0.274
 1926  0.000 -0.127 -0.078 -0.224 -0.240 -0.155 -0.318 -0.090 -0.151 -0.146 -0.171 -0.241 -0.162
 1927 -0.284 -0.216 -0.360 -0.288 -0.278 -0.252 -0.202 -0.184 -0.172 -0.098 -0.264 -0.448 -0.254
 1928 -0.146 -0.233 -0.408 -0.307 -0.293 -0.378 -0.197 -0.221 -0.259 -0.197 -0.174 -0.253 -0.255
 1929 -0.451 -0.675 -0.466 -0.387 -0.414 -0.368 -0.402 -0.231 -0.310 -0.208 -0.118 -0.489 -0.376
 1930 -0.373 -0.258 -0.185 -0.210 -0.219 -0.202 -0.175 -0.085 -0.096 -0.093  0.029 -0.112 -0.165
 1931 -0.041 -0.188 -0.141 -0.195 -0.215 -0.084 -0.039 -0.088 -0.085 -0.071 -0.196 -0.143 -0.124
 1932  0.099 -0.192 -0.243 -0.129 -0.199 -0.204 -0.143 -0.213 -0.058 -0.136 -0.225 -0.212 -0.155
 1933 -0.296 -0.354 -0.360 -0.266 -0.246 -0.275 -0.227 -0.204 -0.253 -0.217 -0.327 -0.537 -0.297
 1934 -0.258 -0.232 -0.423 -0.275 -0.135 -0.052 -0.069 -0.057 -0.100 -0.111 -0.017 -0.178 -0.159
 1935 -0.228  0.043 -0.249 -0.268 -0.240 -0.183 -0.138 -0.158 -0.142 -0.088 -0.289 -0.269 -0.184
 1936 -0.285 -0.334 -0.290 -0.227 -0.158 -0.166 -0.032 -0.043 -0.105 -0.019 -0.104 -0.056 -0.152
 1937 -0.172 -0.005 -0.251 -0.133 -0.113 -0.012  0.061  0.097  0.117  0.117 -0.013 -0.094 -0.034
 1938  0.004  0.040  0.072  0.067 -0.080 -0.021 -0.015  0.054  0.093  0.155  0.019 -0.283  0.009
 1939 -0.068 -0.064 -0.223 -0.067 -0.005  0.106  0.101  0.087 -0.015 -0.192 -0.018  0.339 -0.001
 1940 -0.191 -0.054 -0.099  0.046  0.034  0.013  0.134  0.057  0.150  0.012 -0.064  0.178  0.018
 1941 -0.041  0.065 -0.051  0.156 -0.012  0.167  0.185  0.105 -0.086  0.266  0.118  0.054  0.077
 1942  0.214 -0.086 -0.053 -0.073  0.025  0.049 -0.086 -0.054 -0.046 -0.070 -0.108 -0.088 -0.031
 1943 -0.209 -0.020 -0.230 -0.055 -0.006 -0.112  0.003 -0.070 -0.027  0.221  0.012  0.151 -0.028
 1944  0.238  0.107  0.110 -0.013  0.049  0.147  0.219  0.227  0.228  0.185 -0.010 -0.049  0.120
 1945 -0.024 -0.080 -0.061  0.114 -0.178 -0.003 -0.086  0.357  0.109  0.088 -0.058 -0.267 -0.007
 1946 -0.005 -0.049 -0.239 -0.059 -0.268 -0.374 -0.174 -0.282 -0.125 -0.164 -0.241 -0.479 -0.205
 1947 -0.242 -0.295 -0.225 -0.091 -0.228 -0.138 -0.141 -0.189 -0.245 -0.115 -0.139 -0.315 -0.197
 1948 -0.067 -0.282 -0.334 -0.207 -0.080 -0.085 -0.255 -0.164 -0.211 -0.152 -0.260 -0.346 -0.204
 1949  0.001 -0.260 -0.308 -0.177 -0.186 -0.318 -0.212 -0.166 -0.195 -0.192 -0.197 -0.322 -0.211
 1950 -0.484 -0.366 -0.319 -0.299 -0.229 -0.222 -0.188 -0.234 -0.227 -0.264 -0.518 -0.359 -0.309
 1951 -0.455 -0.560 -0.398 -0.230 -0.139 -0.059 -0.066  0.032 -0.023 -0.031 -0.143  0.049 -0.169
 1952  0.073  0.027 -0.215 -0.067 -0.084 -0.085 -0.031 -0.027  0.016 -0.089 -0.279 -0.124 -0.074
 1953 -0.041  0.031  0.020  0.064 -0.005  0.015 -0.071 -0.033 -0.039 -0.045 -0.187 -0.041 -0.027
 1954 -0.346 -0.183 -0.256 -0.310 -0.343 -0.250 -0.321 -0.199 -0.196 -0.160 -0.101 -0.347 -0.251
 1955 -0.011 -0.246 -0.474 -0.356 -0.342 -0.268 -0.283 -0.158 -0.203 -0.245 -0.381 -0.400 -0.281
 1956 -0.345 -0.427 -0.397 -0.410 -0.371 -0.318 -0.297 -0.317 -0.351 -0.292 -0.336 -0.322 -0.349
 1957 -0.262 -0.210 -0.218 -0.137 -0.021  0.013 -0.068  0.025 -0.027 -0.082  0.010  0.101 -0.073
 1958  0.225  0.125 -0.035 -0.040 -0.044 -0.064 -0.034 -0.059 -0.115 -0.033 -0.037 -0.008 -0.010
 1959  0.012 -0.041 -0.023 -0.042 -0.095 -0.011 -0.083 -0.043 -0.042 -0.112 -0.234 -0.152 -0.072
 1960 -0.106  0.056 -0.380 -0.247 -0.238 -0.114 -0.107 -0.068 -0.023 -0.095 -0.210  0.052 -0.123
 1961  0.000  0.097  0.010  0.002  0.035  0.055 -0.059  0.015 -0.087 -0.080 -0.093 -0.167 -0.023
 1962 -0.026  0.079 -0.042 -0.061 -0.107 -0.055  0.008 -0.023 -0.005  0.022 -0.028 -0.019 -0.021
 1963 -0.105  0.120 -0.151 -0.118 -0.050 -0.070  0.070  0.088  0.057  0.135  0.067 -0.024  0.002
 1964 -0.100 -0.249 -0.344 -0.313 -0.253 -0.226 -0.233 -0.321 -0.362 -0.334 -0.347 -0.452 -0.295
 1965 -0.192 -0.315 -0.301 -0.321 -0.218 -0.181 -0.246 -0.201 -0.181 -0.097 -0.202 -0.134 -0.216
 1966 -0.164 -0.127 -0.125 -0.175 -0.216 -0.070 -0.045 -0.110 -0.104 -0.173 -0.182 -0.271 -0.147
 1967 -0.221 -0.293 -0.160 -0.131 -0.012 -0.162 -0.148 -0.110 -0.160 -0.011 -0.164 -0.214 -0.149
 1968 -0.300 -0.298 -0.044 -0.232 -0.258 -0.132 -0.126 -0.101 -0.133 -0.072 -0.081 -0.131 -0.159
 1969 -0.241 -0.162 -0.004  0.085  0.067 -0.030 -0.023  0.003 -0.018 -0.010  0.079  0.130 -0.010
 1970  0.028  0.109 -0.117  0.026 -0.076 -0.073 -0.102 -0.123 -0.097 -0.105 -0.094 -0.186 -0.067
 1971 -0.093 -0.302 -0.307 -0.245 -0.220 -0.248 -0.132 -0.169 -0.128 -0.162 -0.066 -0.213 -0.190
 1972 -0.369 -0.316 -0.140 -0.065 -0.052  0.023 -0.018  0.027 -0.040  0.022  0.055  0.198 -0.056
 1973  0.171  0.276  0.246  0.169  0.127  0.108  0.020  0.008 -0.033 -0.016 -0.079 -0.079  0.077
 1974 -0.389 -0.405 -0.258 -0.184 -0.179 -0.147 -0.126 -0.092 -0.158 -0.195 -0.179 -0.244 -0.213
 1975 -0.101 -0.120 -0.061 -0.091 -0.100 -0.110 -0.140 -0.197 -0.166 -0.258 -0.344 -0.352 -0.170
 1976 -0.264 -0.331 -0.470 -0.227 -0.331 -0.287 -0.201 -0.200 -0.168 -0.300 -0.175 -0.095 -0.254
 1977 -0.133  0.075  0.108  0.061  0.048  0.080  0.022 -0.029  0.017 -0.017  0.097 -0.107  0.019
 1978  0.015  0.000  0.007 -0.065 -0.105 -0.122 -0.064 -0.189 -0.056 -0.123  0.021 -0.075 -0.063
 1979 -0.030 -0.104  0.029 -0.047 -0.048  0.028  0.037  0.067  0.081  0.105  0.139  0.331  0.049
 1980  0.107  0.175  0.059  0.134  0.119  0.062  0.055  0.010  0.015 -0.017  0.159  0.048  0.077
 1981  0.260  0.162  0.199  0.096  0.070  0.117  0.098  0.110  0.081 -0.014  0.025  0.237  0.120
 1982 -0.029 -0.032 -0.123  0.026  0.042 -0.044 -0.018 -0.023  0.061  0.025  0.017  0.229  0.011
 1983  0.387  0.315  0.181  0.118  0.113  0.126  0.130  0.185  0.158  0.090  0.238  0.083  0.177
 1984  0.087  0.007  0.053 -0.021  0.072 -0.025 -0.040  0.042  0.034 -0.048 -0.120 -0.296 -0.021
 1985  0.020 -0.144 -0.025 -0.055 -0.007 -0.058 -0.056  0.017 -0.044 -0.009 -0.101  0.011 -0.038
 1986  0.114  0.082  0.049  0.036  0.017  0.045 -0.006 -0.005  0.013  0.038 -0.041  0.011  0.029
 1987  0.116  0.269  0.021  0.069  0.135  0.122  0.256  0.221  0.256  0.173  0.187  0.325  0.179
 1988  0.348  0.199  0.259  0.241  0.178  0.207  0.163  0.157  0.157  0.125  0.018  0.107  0.180
 1989 -0.002  0.095  0.081  0.081  0.052  0.068  0.164  0.176  0.135  0.145  0.052  0.191  0.103
 1990  0.198  0.245  0.466  0.302  0.241  0.234  0.208  0.226  0.165  0.285  0.284  0.196  0.254
 1991  0.227  0.280  0.177  0.313  0.255  0.286  0.290  0.240  0.181  0.134  0.080  0.079  0.212
 1992  0.279  0.252  0.204  0.120  0.110  0.104 -0.021 -0.018 -0.090 -0.083 -0.120 -0.003  0.061
 1993  0.220  0.170  0.212  0.101  0.151  0.132  0.080  0.060  0.014  0.060 -0.033  0.096  0.105
 1994  0.153 -0.092  0.180  0.175  0.241  0.216  0.153  0.171  0.157  0.236  0.244  0.218  0.171
 1995  0.357  0.469  0.292  0.231  0.169  0.287  0.301  0.317  0.207  0.245  0.279  0.152  0.275
 1996  0.064  0.252  0.129  0.094  0.167  0.150  0.184  0.183  0.091  0.082  0.076  0.174  0.137
 1997  0.151  0.248  0.264  0.195  0.244  0.377  0.372  0.410  0.455  0.494  0.468  0.533  0.351
 1998  0.489  0.749  0.547  0.641  0.593  0.604  0.671  0.644  0.392  0.418  0.353  0.447  0.546
 1999  0.368  0.545  0.290  0.312  0.233  0.264  0.271  0.235  0.266  0.226  0.211  0.330  0.296
 2000  0.206  0.358  0.328  0.450  0.239  0.232  0.256  0.338  0.319  0.192  0.152  0.169  0.270
 2001  0.324  0.285  0.488  0.430  0.392  0.415  0.454  0.508  0.402  0.378  0.505  0.320  0.409
 2002  0.600  0.612  0.607  0.445  0.441  0.475  0.477  0.420  0.410  0.359  0.395  0.329  0.464
 2003  0.527  0.438  0.422  0.414  0.435  0.439  0.453  0.523  0.518  0.565  0.428  0.519  0.473
 2004  0.505  0.571  0.510  0.495  0.324  0.347  0.371  0.419  0.446  0.477  0.526  0.376  0.447
 2005  0.463  0.376  0.493  0.536  0.480  0.512  0.532  0.503  0.507  0.513  0.494  0.371  0.482
 2006  0.296  0.443  0.385  0.357  0.338  0.443  0.434  0.488  0.417  0.481  0.441  0.536  0.422
 2007  0.632  0.520  0.441  0.472  0.374  0.375  0.406  0.370  0.412  0.367  0.267  0.220  0.405
 2008  0.030  0.194  0.481  0.278  0.280  0.307  0.415  0.391  0.369  0.452  0.398  0.322  0.327
 2009  0.384  0.364  0.371  0.415  0.406  0.509  0.508  0.548  0.457  0.000  0.000  0.000  0.440
