 1850 -0.691 -0.357 -0.816 -0.586 -0.385 -0.311 -0.237 -0.340 -0.510 -0.504 -0.259 -0.318 -0.443
 1850     22     20     18     18     18     20     22     22     23     23     24     24
 1851 -0.345 -0.394 -0.503 -0.480 -0.391 -0.264 -0.279 -0.175 -0.211 -0.123 -0.141 -0.151 -0.288
 1851     22     22     20     21     20     20     21     23     18     20     18     20
 1852 -0.398 -0.513 -0.546 -0.610 -0.274 -0.107 -0.061 -0.235 -0.206 -0.303 -0.238  0.017 -0.289
 1852     22     22     21     23     23     23     23     23     21     21     22     25
 1853 -0.229 -0.407 -0.364 -0.395 -0.338 -0.261 -0.146 -0.232 -0.453 -0.450 -0.271 -0.456 -0.333
 1853     24     26     26     24     25     27     26     28     28     29     26     27
 1854 -0.398 -0.329 -0.311 -0.385 -0.295 -0.273 -0.289 -0.229 -0.155 -0.260 -0.438 -0.288 -0.304
 1854     29     29     29     28     29     27     28     31     28     30     29     28
 1855 -0.213 -0.430 -0.344 -0.241 -0.391 -0.254 -0.325 -0.204 -0.356 -0.265 -0.253 -0.527 -0.317
 1855     28     30     27     27     29     28     30     29     27     25     25     23
 1856 -0.227 -0.425 -0.544 -0.367 -0.167 -0.357 -0.355 -0.335 -0.483 -0.427 -0.671 -0.531 -0.407
 1856     24     27     25     25     27     26     25     27     26     28     31     26
 1857 -0.580 -0.339 -0.483 -0.689 -0.586 -0.338 -0.582 -0.362 -0.418 -0.534 -0.711 -0.391 -0.501
 1857     26     25     26     24     25     24     27     28     26     26     25     24
 1858 -0.527 -0.759 -0.594 -0.543 -0.719 -0.586 -0.394 -0.331 -0.389 -0.251 -0.681 -0.356 -0.511
 1858     26     25     26     26     25     23     23     23     23     21     22     25
 1859 -0.352 -0.230 -0.384 -0.237 -0.340 -0.277 -0.344 -0.143 -0.651 -0.325 -0.384 -0.433 -0.342
 1859     23     23     22     20     21     19     21     22     20     20     19     22
 1860 -0.202 -0.437 -0.598 -0.365 -0.351 -0.329 -0.156 -0.228 -0.261 -0.223 -0.504 -0.722 -0.365
 1860     24     21     21     21     20     18     19     20     18     18     18     17
 1861 -0.813 -0.479 -0.494 -0.379 -0.767 -0.174 -0.310 -0.175 -0.380 -0.397 -0.411 -0.194 -0.415
 1861     18     17     14     13     13     14     14     16     15     16     16     16
 1862 -0.731 -0.787 -0.447 -0.258 -0.251 -0.397 -0.400 -0.745 -0.442 -0.436 -0.776 -0.777 -0.537
 1862     15     15     15     15     17     17     17     16     17     16     14     13
 1863  0.157 -0.079 -0.413 -0.247 -0.340 -0.440 -0.443 -0.402 -0.413 -0.447 -0.380 -0.325 -0.314
 1863     15     14     15     14     17     17     15     16     14     14     14     14
 1864 -0.930 -0.621 -0.562 -0.556 -0.412 -0.242 -0.157 -0.356 -0.450 -0.741 -0.459 -0.560 -0.504
 1864     15     16     15     15     14     17     16     17     14     15     16     16
 1865 -0.178 -0.602 -0.613 -0.172 -0.241 -0.247 -0.155 -0.248 -0.079 -0.320 -0.233 -0.338 -0.285
 1865     15     14     13     14     15     15     14     15     14     13     15     15
 1866 -0.051 -0.190 -0.632 -0.238 -0.549  0.024 -0.048 -0.298 -0.284 -0.407 -0.361 -0.373 -0.284
 1866     17     16     14     15     14     14     15     14     14     13     14     15
 1867 -0.346  0.040 -0.663 -0.222 -0.499 -0.278 -0.299 -0.237 -0.100 -0.231 -0.307 -0.593 -0.311
 1867     13     15     16     15     14     15     15     14     14     15     15     16
 1868 -0.726 -0.440 -0.049 -0.380 -0.069 -0.212  0.097 -0.125 -0.259 -0.308 -0.531 -0.143 -0.262
 1868     15     14     16     16     16     17     19     18     20     20     20     19
 1869 -0.166  0.201 -0.615 -0.232 -0.285 -0.402 -0.306 -0.169 -0.237 -0.520 -0.442 -0.337 -0.292
 1869     18     18     20     20     20     19     17     22     22     23     22     22
 1870 -0.069 -0.402 -0.479 -0.185 -0.145 -0.224 -0.015 -0.255 -0.280 -0.384 -0.202 -0.721 -0.280
 1870     25     25     25     23     21     24     25     23     22     19     22     21
 1871 -0.448 -0.490 -0.006 -0.139 -0.272 -0.194 -0.027 -0.239 -0.445 -0.520 -0.586 -0.589 -0.330
 1871     19     18     21     25     22     22     21     26     21     21     23     24
 1872 -0.339 -0.373 -0.490 -0.203 -0.090 -0.214 -0.130 -0.075 -0.160 -0.269 -0.308 -0.437 -0.257
 1872     25     23     22     24     24     25     23     24     25     24     24     28
 1873 -0.061 -0.401 -0.283 -0.544 -0.415 -0.272 -0.180 -0.175 -0.380 -0.472 -0.474 -0.317 -0.331
 1873     25     23     25     23     23     23     24     27     24     23     26     25
 1874  0.008 -0.503 -0.608 -0.534 -0.451 -0.428 -0.162 -0.365 -0.227 -0.489 -0.577 -0.448 -0.399
 1874     23     24     26     26     22     23     25     24     24     29     25     27
 1875 -0.605 -0.634 -0.628 -0.462 -0.189 -0.255 -0.312 -0.230 -0.310 -0.389 -0.512 -0.455 -0.415
 1875     25     25     27     25     25     27     27     27     24     25     25     25
 1876 -0.304 -0.281 -0.445 -0.333 -0.536 -0.302 -0.161 -0.296 -0.464 -0.423 -0.591 -0.663 -0.400
 1876     26     27     26     23     25     28     28     26     22     25     27     27
 1877 -0.315  0.091 -0.308 -0.283 -0.463 -0.100 -0.024  0.103  0.003  0.002  0.047  0.179 -0.089
 1877     24     24     25     25     24     25     25     27     28     25     27     28
 1878  0.160  0.364  0.322  0.317 -0.111 -0.007 -0.046 -0.040 -0.025 -0.127 -0.136 -0.340  0.028
 1878     28     27     26     27     26     27     28     31     29     27     29     31
 1879 -0.204 -0.165 -0.182 -0.230 -0.176 -0.221 -0.217 -0.239 -0.246 -0.218 -0.478 -0.580 -0.263
 1879     27     30     30     30     32     33     29     33     31     30     29     31
 1880 -0.007 -0.250 -0.176 -0.151 -0.245 -0.336 -0.295 -0.153 -0.251 -0.413 -0.479 -0.337 -0.258
 1880     32     32     30     29     29     32     33     34     32     33     34     36
 1881 -0.399 -0.262 -0.260 -0.186 -0.043 -0.248 -0.126 -0.150 -0.304 -0.324 -0.435 -0.186 -0.243
 1881     34     33     33     33     32     32     33     35     34     34     36     35
 1882  0.052 -0.059 -0.055 -0.291 -0.393 -0.353 -0.247 -0.280 -0.137 -0.345 -0.358 -0.503 -0.247
 1882     36     35     36     37     36     34     37     35     36     35     34     34
 1883 -0.452 -0.337 -0.295 -0.359 -0.311 -0.077 -0.195 -0.196 -0.321 -0.395 -0.319 -0.326 -0.299
 1883     40     39     37     33     35     34     38     36     37     38     36     38
 1884 -0.347 -0.250 -0.384 -0.496 -0.350 -0.381 -0.381 -0.373 -0.301 -0.300 -0.594 -0.456 -0.384
 1884     36     39     35     37     38     37     38     38     38     36     36     36
 1885 -0.542 -0.504 -0.426 -0.455 -0.445 -0.491 -0.304 -0.354 -0.247 -0.281 -0.203 -0.095 -0.362
 1885     39     37     34     34     34     32     35     38     36     36     32     38
 1886 -0.373 -0.478 -0.384 -0.170 -0.063 -0.262 -0.183 -0.179 -0.247 -0.296 -0.396 -0.266 -0.275
 1886     36     36     37     34     33     38     38     40     36     39     39     40
 1887 -0.421 -0.504 -0.359 -0.395 -0.286 -0.398 -0.232 -0.367 -0.301 -0.499 -0.437 -0.439 -0.386
 1887     40     40     38     40     37     37     40     42     39     37     40     39
 1888 -0.654 -0.514 -0.583 -0.244 -0.333 -0.262 -0.346 -0.290 -0.256 -0.148 -0.209 -0.200 -0.337
 1888     38     39     39     42     40     40     41     43     40     42     40     41
 1889 -0.137 -0.115 -0.071 -0.009 -0.104 -0.156 -0.210 -0.255 -0.369 -0.330 -0.420 -0.134 -0.193
 1889     40     41     39     39     39     39     39     40     38     38     38     39
 1890 -0.295 -0.352 -0.434 -0.333 -0.440 -0.405 -0.442 -0.456 -0.486 -0.535 -0.594 -0.410 -0.432
 1890     41     37     35     38     38     38     37     40     36     35     36     37
 1891 -0.528 -0.523 -0.411 -0.381 -0.250 -0.359 -0.390 -0.372 -0.220 -0.360 -0.604 -0.174 -0.381
 1891     37     36     34     34     36     34     32     33     33     31     37     35
 1892 -0.449 -0.163 -0.471 -0.515 -0.452 -0.462 -0.547 -0.464 -0.367 -0.487 -0.649 -0.818 -0.487
 1892     35     37     37     35     34     34     33     35     35     33     35     33
 1893 -0.972 -0.750 -0.415 -0.589 -0.607 -0.488 -0.301 -0.330 -0.462 -0.329 -0.463 -0.368 -0.506
 1893     35     35     36     36     36     33     34     38     38     36     35     34
 1894 -0.463 -0.437 -0.409 -0.431 -0.474 -0.508 -0.355 -0.382 -0.501 -0.492 -0.456 -0.427 -0.445
 1894     37     36     36     36     35     36     35     39     38     36     36     39
 1895 -0.503 -0.731 -0.564 -0.451 -0.442 -0.361 -0.393 -0.293 -0.258 -0.386 -0.323 -0.351 -0.421
 1895     39     37     36     35     38     38     37     41     39     40     38     40
 1896 -0.242 -0.235 -0.401 -0.359 -0.248 -0.145 -0.145 -0.112 -0.144 -0.154 -0.290 -0.071 -0.212
 1896     41     40     40     38     36     40     40     40     40     40     42     41
 1897 -0.263 -0.161 -0.311 -0.092 -0.075 -0.189 -0.190 -0.192 -0.174 -0.303 -0.494 -0.495 -0.245
 1897     38     38     37     39     42     40     39     41     43     41     40     39
 1898 -0.137 -0.398 -0.738 -0.587 -0.483 -0.332 -0.404 -0.349 -0.347 -0.576 -0.476 -0.395 -0.435
 1898     42     41     39     39     43     43     42     42     40     43     41     43
 1899 -0.233 -0.528 -0.571 -0.360 -0.338 -0.407 -0.326 -0.188 -0.183 -0.222  0.018 -0.462 -0.317
 1899     41     40     41     41     42     42     42     45     45     41     42     43
 1900 -0.252 -0.208 -0.311 -0.269 -0.278 -0.185 -0.214 -0.227 -0.246 -0.105 -0.297 -0.106 -0.225
 1900     41     39     38     37     40     39     40     41     40     41     42     43
 1901 -0.206 -0.305 -0.307 -0.250 -0.233 -0.203 -0.217 -0.239 -0.386 -0.349 -0.461 -0.478 -0.303
 1901     44     46     43     44     41     41     40     43     44     43     42     42
 1902 -0.256 -0.316 -0.424 -0.483 -0.430 -0.485 -0.429 -0.402 -0.402 -0.499 -0.533 -0.537 -0.433
 1902     45     44     46     45     46     47     48     49     46     46     47     46
 1903 -0.289 -0.196 -0.376 -0.495 -0.504 -0.594 -0.500 -0.635 -0.576 -0.676 -0.623 -0.659 -0.510
 1903     43     46     45     45     46     49     48     48     49     45     44     49
 1904 -0.705 -0.645 -0.665 -0.580 -0.584 -0.562 -0.575 -0.520 -0.497 -0.504 -0.400 -0.427 -0.555
 1904     45     47     47     43     46     47     46     48     47     48     47     49
 1905 -0.512 -0.714 -0.498 -0.576 -0.384 -0.367 -0.325 -0.319 -0.338 -0.394 -0.270 -0.251 -0.412
 1905     47     47     47     46     49     48     50     49     47     48     52     49
 1906 -0.146 -0.271 -0.321 -0.151 -0.373 -0.340 -0.354 -0.362 -0.390 -0.406 -0.506 -0.341 -0.330
 1906     49     51     49     49     49     52     50     53     47     46     48     49
 1907 -0.463 -0.539 -0.375 -0.540 -0.605 -0.574 -0.429 -0.501 -0.457 -0.418 -0.614 -0.569 -0.507
 1907     52     49     47     49     48     49     50     52     52     48     52     52
 1908 -0.478 -0.488 -0.654 -0.572 -0.541 -0.519 -0.544 -0.553 -0.485 -0.631 -0.629 -0.611 -0.559
 1908     47     49     51     51     49     48     50     51     48     51     51     53
 1909 -0.595 -0.600 -0.703 -0.658 -0.624 -0.550 -0.608 -0.379 -0.382 -0.511 -0.475 -0.691 -0.565
 1909     51     50     51     51     50     50     54     52     51     52     52     52
 1910 -0.412 -0.596 -0.481 -0.484 -0.553 -0.560 -0.482 -0.507 -0.496 -0.553 -0.716 -0.726 -0.547
 1910     54     52     50     49     52     53     50     52     52     54     53     52
 1911 -0.589 -0.774 -0.719 -0.741 -0.640 -0.585 -0.544 -0.534 -0.524 -0.523 -0.450 -0.358 -0.582
 1911     56     55     55     52     52     50     53     57     47     52     52     52
 1912 -0.400 -0.393 -0.434 -0.388 -0.425 -0.371 -0.497 -0.594 -0.600 -0.695 -0.568 -0.533 -0.492
 1912     53     53     53     54     55     54     55     55     54     55     54     55
 1913 -0.533 -0.569 -0.594 -0.508 -0.558 -0.554 -0.504 -0.440 -0.476 -0.495 -0.335 -0.305 -0.489
 1913     57     61     61     56     58     59     58     59     60     61     58     58
 1914 -0.134 -0.315 -0.395 -0.433 -0.334 -0.330 -0.390 -0.269 -0.315 -0.223 -0.228 -0.301 -0.306
 1914     57     59     58     57     56     57     55     55     46     47     49     49
 1915 -0.175 -0.107 -0.258 -0.116 -0.279 -0.299 -0.169 -0.141 -0.199 -0.312 -0.192 -0.326 -0.214
 1915     47     47     47     48     47     46     47     47     47     47     45     49
 1916 -0.287 -0.236 -0.452 -0.385 -0.420 -0.536 -0.423 -0.397 -0.388 -0.434 -0.613 -0.651 -0.435
 1916     48     48     48     46     48     46     46     50     47     47     48     46
 1917 -0.705 -0.769 -0.859 -0.544 -0.698 -0.381 -0.170 -0.251 -0.164 -0.442 -0.442 -0.661 -0.507
 1917     47     45     46     45     43     45     44     45     44     48     43     42
 1918 -0.553 -0.582 -0.479 -0.546 -0.473 -0.361 -0.379 -0.421 -0.326 -0.177 -0.120 -0.242 -0.388
 1918     45     45     45     42     39     41     43     45     41     40     38     40
 1919 -0.176 -0.102 -0.360 -0.182 -0.325 -0.288 -0.381 -0.393 -0.279 -0.368 -0.610 -0.494 -0.330
 1919     38     41     39     40     45     45     44     43     42     43     46     44
 1920 -0.337 -0.538 -0.182 -0.333 -0.250 -0.259 -0.354 -0.298 -0.215 -0.298 -0.327 -0.374 -0.314
 1920     43     45     44     43     47     44     47     48     45     48     46     49
 1921 -0.220 -0.280 -0.329 -0.291 -0.226 -0.166 -0.193 -0.336 -0.208 -0.202 -0.394 -0.280 -0.260
 1921     51     51     51     51     51     51     50     55     51     52     52     53
 1922 -0.449 -0.378 -0.372 -0.337 -0.445 -0.386 -0.325 -0.381 -0.366 -0.395 -0.374 -0.383 -0.382
 1922     53     56     55     54     53     56     57     58     57     53     58     57
 1923 -0.305 -0.486 -0.459 -0.440 -0.362 -0.297 -0.455 -0.430 -0.393 -0.370 -0.099 -0.070 -0.347
 1923     59     58     60     55     57     60     60     61     60     59     58     58
 1924 -0.361 -0.244 -0.339 -0.351 -0.324 -0.313 -0.364 -0.302 -0.383 -0.339 -0.412 -0.607 -0.362
 1924     57     61     60     57     60     58     60     61     61     56     59     57
 1925 -0.487 -0.331 -0.270 -0.314 -0.323 -0.309 -0.269 -0.181 -0.227 -0.374 -0.147 -0.059 -0.274
 1925     59     59     57     59     59     55     57     59     56     57     61     58
 1926  0.004 -0.128 -0.076 -0.221 -0.239 -0.153 -0.317 -0.094 -0.153 -0.145 -0.175 -0.242 -0.162
 1926     60     60     59     57     57     58     60     57     60     61     60     57
 1927 -0.285 -0.216 -0.360 -0.289 -0.279 -0.253 -0.202 -0.186 -0.172 -0.098 -0.264 -0.448 -0.254
 1927     59     62     64     63     64     62     61     64     63     62     63     61
 1928 -0.147 -0.233 -0.409 -0.306 -0.292 -0.376 -0.195 -0.220 -0.261 -0.194 -0.174 -0.254 -0.255
 1928     58     60     60     61     62     60     61     63     61     61     62     60
 1929 -0.452 -0.676 -0.465 -0.387 -0.414 -0.368 -0.401 -0.232 -0.309 -0.208 -0.118 -0.487 -0.376
 1929     60     61     61     62     61     63     61     64     61     61     61     60
 1930 -0.376 -0.255 -0.185 -0.208 -0.217 -0.197 -0.176 -0.084 -0.093 -0.093  0.028 -0.116 -0.164
 1930     59     59     59     59     62     60     60     63     58     61     59     60
 1931 -0.036 -0.186 -0.141 -0.193 -0.214 -0.082 -0.037 -0.088 -0.083 -0.072 -0.193 -0.143 -0.122
 1931     60     60     61     61     61     62     60     60     60     59     61     61
 1932  0.100 -0.195 -0.244 -0.129 -0.200 -0.204 -0.143 -0.210 -0.058 -0.137 -0.224 -0.216 -0.155
 1932     61     62     61     62     63     61     60     61     61     61     59     62
 1933 -0.294 -0.354 -0.360 -0.265 -0.246 -0.275 -0.228 -0.205 -0.254 -0.217 -0.326 -0.539 -0.297
 1933     61     60     62     61     60     58     61     64     63     62     65     63
 1934 -0.257 -0.232 -0.422 -0.275 -0.136 -0.052 -0.071 -0.058 -0.102 -0.112 -0.016 -0.177 -0.159
 1934     64     61     65     62     62     59     62     63     62     62     64     65
 1935 -0.225  0.042 -0.247 -0.264 -0.239 -0.185 -0.137 -0.157 -0.142 -0.084 -0.290 -0.269 -0.183
 1935     63     64     65     63     63     64     64     67     66     66     66     66
 1936 -0.285 -0.336 -0.288 -0.228 -0.159 -0.165 -0.033 -0.043 -0.105 -0.017 -0.105 -0.056 -0.152
 1936     69     69     70     67     67     67     66     70     68     67     67     67
 1937 -0.175 -0.007 -0.251 -0.134 -0.112 -0.013  0.061  0.098  0.118  0.118 -0.013 -0.095 -0.034
 1937     67     68     68     66     65     67     69     68     66     66     66     65
 1938  0.002  0.044  0.073  0.070 -0.079 -0.023 -0.016  0.053  0.090  0.154  0.019 -0.278  0.009
 1938     67     66     69     65     65     65     66     67     65     63     65     66
 1939 -0.067 -0.063 -0.223 -0.063 -0.004  0.105  0.103  0.089 -0.007 -0.189 -0.018  0.345  0.001
 1939     66     67     67     65     65     63     63     61     53     52     54     54
 1940 -0.190 -0.052 -0.095  0.049  0.035  0.016  0.138  0.054  0.150  0.017 -0.063  0.177  0.020
 1940     55     54     53     52     57     56     57     60     54     54     55     54
 1941 -0.040  0.066 -0.049  0.159 -0.012  0.167  0.180  0.102 -0.085  0.271  0.117  0.055  0.078
 1941     55     57     58     56     55     59     60     61     56     60     58     43
 1942  0.215 -0.084 -0.052 -0.072  0.026  0.049 -0.087 -0.055 -0.045 -0.068 -0.110 -0.094 -0.031
 1942     49     53     53     51     50     51     49     50     47     46     50     47
 1943 -0.212 -0.022 -0.228 -0.056 -0.005 -0.110  0.006 -0.066 -0.029  0.221  0.005  0.154 -0.029
 1943     45     47     49     46     46     48     45     50     49     48     47     49
 1944  0.240  0.111  0.109 -0.011  0.049  0.147  0.220  0.226  0.232  0.190 -0.011 -0.049  0.121
 1944     52     52     53     53     51     52     51     50     49     49     50     48
 1945 -0.027 -0.075 -0.060  0.116 -0.174 -0.004 -0.091  0.352  0.111  0.092 -0.056 -0.269 -0.007
 1945     49     51     49     46     46     46     44     44     43     45     47     49
 1946 -0.005 -0.045 -0.233 -0.055 -0.266 -0.374 -0.172 -0.283 -0.125 -0.164 -0.241 -0.480 -0.204
 1946     47     49     47     52     53     51     56     59     53     54     57     60
 1947 -0.242 -0.299 -0.226 -0.091 -0.228 -0.138 -0.143 -0.189 -0.246 -0.114 -0.140 -0.318 -0.198
 1947     57     61     58     58     57     57     60     61     57     55     58     59
 1948 -0.070 -0.281 -0.332 -0.207 -0.078 -0.085 -0.256 -0.166 -0.214 -0.152 -0.261 -0.346 -0.204
 1948     58     61     58     58     57     57     61     61     57     58     58     58
 1949 -0.003 -0.258 -0.308 -0.173 -0.186 -0.316 -0.212 -0.166 -0.199 -0.190 -0.195 -0.324 -0.211
 1949     65     64     67     66     64     64     65     66     66     65     65     67
 1950 -0.486 -0.365 -0.320 -0.299 -0.228 -0.221 -0.187 -0.237 -0.231 -0.266 -0.519 -0.364 -0.310
 1950     68     68     71     66     67     64     66     68     66     64     66     70
 1951 -0.457 -0.563 -0.396 -0.227 -0.139 -0.061 -0.064  0.031 -0.022 -0.030 -0.149  0.049 -0.169
 1951     71     71     70     67     66     67     67     70     69     69     70     72
 1952  0.069  0.026 -0.215 -0.069 -0.088 -0.089 -0.036 -0.030  0.012 -0.090 -0.279 -0.128 -0.076
 1952     71     74     72     71     70     70     69     71     69     70     69     71
 1953 -0.043  0.031  0.019  0.060 -0.008  0.015 -0.071 -0.032 -0.040 -0.044 -0.184 -0.047 -0.029
 1953     74     74     72     68     70     69     70     70     70     70     71     71
 1954 -0.347 -0.182 -0.256 -0.310 -0.343 -0.251 -0.321 -0.205 -0.198 -0.163 -0.101 -0.350 -0.252
 1954     71     71     72     70     70     70     69     73     71     71     71     72
 1955 -0.012 -0.246 -0.476 -0.354 -0.340 -0.270 -0.288 -0.159 -0.206 -0.245 -0.385 -0.403 -0.282
 1955     72     72     74     71     70     70     69     72     72     71     73     76
 1956 -0.344 -0.428 -0.396 -0.411 -0.372 -0.317 -0.298 -0.316 -0.347 -0.293 -0.335 -0.319 -0.348
 1956     75     77     77     72     72     72     71     72     73     74     75     77
 1957 -0.263 -0.208 -0.220 -0.138 -0.020  0.009 -0.072  0.020 -0.029 -0.083  0.003  0.099 -0.075
 1957     78     77     78     75     72     72     72     74     73     75     75     77
 1958  0.224  0.126 -0.036 -0.038 -0.046 -0.065 -0.038 -0.061 -0.116 -0.032 -0.040 -0.010 -0.011
 1958     77     78     78     77     75     74     75     76     74     74     76     75
 1959  0.011 -0.041 -0.022 -0.041 -0.099 -0.013 -0.086 -0.043 -0.041 -0.114 -0.234 -0.153 -0.073
 1959     79     80     79     75     73     73     74     75     76     76     75     79
 1960 -0.107  0.056 -0.381 -0.245 -0.240 -0.115 -0.110 -0.069 -0.026 -0.095 -0.212  0.048 -0.125
 1960     79     79     79     78     76     73     76     75     76     75     78     78
 1961 -0.003  0.098  0.011 -0.003  0.032  0.054 -0.060  0.015 -0.087 -0.079 -0.094 -0.167 -0.024
 1961     79     80     78     77     75     76     75     77     76     76     79     79
 1962 -0.027  0.079 -0.042 -0.067 -0.107 -0.050  0.004 -0.024 -0.003  0.020 -0.027 -0.019 -0.022
 1962     81     80     81     77     74     73     73     75     75     74     75     76
 1963 -0.106  0.119 -0.148 -0.116 -0.053 -0.068  0.070  0.087  0.057  0.138  0.064 -0.026  0.001
 1963     81     79     79     78     76     75     73     76     76     74     77     80
 1964 -0.103 -0.251 -0.347 -0.314 -0.254 -0.228 -0.235 -0.321 -0.362 -0.334 -0.346 -0.454 -0.296
 1964     83     82     82     79     77     77     77     77     80     78     80     83
 1965 -0.193 -0.319 -0.302 -0.323 -0.220 -0.182 -0.243 -0.199 -0.180 -0.097 -0.200 -0.135 -0.216
 1965     81     82     82     80     78     77     77     78     79     80     81     83
 1966 -0.167 -0.127 -0.126 -0.176 -0.219 -0.070 -0.048 -0.111 -0.104 -0.172 -0.185 -0.272 -0.148
 1966     84     83     82     79     79     78     77     78     80     80     80     80
 1967 -0.221 -0.293 -0.161 -0.131 -0.012 -0.162 -0.150 -0.112 -0.159 -0.013 -0.164 -0.216 -0.149
 1967     84     84     83     80     79     79     78     79     79     79     79     82
 1968 -0.300 -0.296 -0.041 -0.232 -0.259 -0.133 -0.123 -0.100 -0.135 -0.072 -0.085 -0.132 -0.159
 1968     84     82     82     81     80     80     80     80     80     79     80     82
 1969 -0.240 -0.162 -0.005  0.087  0.067 -0.029 -0.025  0.002 -0.019 -0.012  0.076  0.129 -0.011
 1969     86     84     81     81     80     79     80     80     81     80     82     83
 1970  0.029  0.108 -0.116  0.026 -0.077 -0.073 -0.103 -0.124 -0.097 -0.107 -0.094 -0.184 -0.068
 1970     86     83     84     82     81     80     80     80     80     81     82     85
 1971 -0.093 -0.302 -0.305 -0.245 -0.220 -0.247 -0.132 -0.170 -0.127 -0.161 -0.068 -0.212 -0.190
 1971     84     85     83     82     78     79     81     80     82     81     81     83
 1972 -0.371 -0.317 -0.141 -0.066 -0.056  0.022 -0.021  0.024 -0.040  0.021  0.054  0.197 -0.058
 1972     86     86     84     82     78     80     80     80     80     81     81     84
 1973  0.175  0.278  0.247  0.165  0.126  0.109  0.019  0.007 -0.033 -0.017 -0.077 -0.078  0.077
 1973     85     85     83     81     80     81     81     83     80     81     83     84
 1974 -0.390 -0.406 -0.258 -0.186 -0.180 -0.148 -0.129 -0.093 -0.161 -0.197 -0.184 -0.245 -0.215
 1974     85     86     84     81     80     78     79     81     80     81     81     84
 1975 -0.098 -0.119 -0.062 -0.092 -0.099 -0.110 -0.139 -0.202 -0.166 -0.257 -0.344 -0.353 -0.170
 1975     83     84     81     82     81     80     79     80     81     79     80     82
 1976 -0.266 -0.333 -0.470 -0.227 -0.329 -0.284 -0.202 -0.202 -0.169 -0.304 -0.177 -0.097 -0.255
 1976     83     83     82     81     80     79     79     80     79     80     80     82
 1977 -0.134  0.075  0.109  0.060  0.045  0.078  0.021 -0.028  0.016 -0.019  0.096 -0.110  0.017
 1977     84     84     83     82     80     81     79     82     81     81     81     84
 1978  0.014 -0.001  0.007 -0.067 -0.105 -0.127 -0.067 -0.189 -0.059 -0.124  0.019 -0.076 -0.065
 1978     84     84     84     82     81     79     80     80     80     80     80     85
 1979 -0.029 -0.105  0.031 -0.047 -0.047  0.028  0.038  0.067  0.083  0.106  0.135  0.330  0.049
 1979     88     87     87     86     86     86     85     85     84     84     84     87
 1980  0.106  0.172  0.055  0.133  0.119  0.062  0.055  0.009  0.015 -0.016  0.157  0.048  0.076
 1980     87     87     86     84     82     82     81     82     80     82     83     86
 1981  0.260  0.164  0.200  0.097  0.069  0.117  0.097  0.111  0.080 -0.014  0.025  0.238  0.120
 1981     86     87     87     84     81     81     81     83     81     83     84     85
 1982 -0.028 -0.033 -0.123  0.024  0.041 -0.047 -0.021 -0.022  0.059  0.024  0.016  0.230  0.010
 1982     86     88     88     85     82     81     81     81     81     82     84     85
 1983  0.386  0.315  0.180  0.116  0.115  0.126  0.130  0.184  0.160  0.090  0.235  0.082  0.177
 1983     87     88     87     85     82     82     82     83     83     82     83     85
 1984  0.088  0.011  0.053 -0.022  0.072 -0.025 -0.039  0.041  0.036 -0.048 -0.122 -0.294 -0.021
 1984     88     89     86     84     82     83     81     84     83     83     85     85
 1985  0.019 -0.145 -0.027 -0.053 -0.008 -0.057 -0.056  0.015 -0.042 -0.010 -0.103  0.007 -0.038
 1985     87     87     87     85     84     83     86     85     84     85     85     88
 1986  0.115  0.082  0.048  0.038  0.018  0.044 -0.007 -0.007  0.014  0.045 -0.044  0.010  0.030
 1986     88     88     87     87     84     84     84     82     84     85     85     87
 1987  0.118  0.267  0.020  0.069  0.135  0.122  0.255  0.220  0.256  0.174  0.188  0.326  0.179
 1987     88     89     87     85     84     84     85     86     84     84     85     88
 1988  0.348  0.201  0.257  0.241  0.179  0.207  0.164  0.158  0.158  0.124  0.018  0.104  0.180
 1988     88     90     87     86     83     84     83     85     84     84     84     85
 1989 -0.002  0.094  0.080  0.081  0.051  0.067  0.163  0.174  0.135  0.145  0.052  0.188  0.102
 1989     87     88     87     86     84     83     83     82     83     84     84     85
 1990  0.198  0.245  0.467  0.303  0.242  0.235  0.208  0.226  0.166  0.284  0.285  0.196  0.255
 1990     84     86     84     84     84     82     81     83     81     82     82     83
 1991  0.229  0.283  0.176  0.317  0.254  0.287  0.292  0.240  0.182  0.135  0.077  0.079  0.213
 1991     82     83     83     81     80     81     81     82     80     80     81     81
 1992  0.282  0.251  0.208  0.120  0.110  0.108 -0.021 -0.017 -0.093 -0.080 -0.119 -0.007  0.062
 1992     84     83     83     80     81     79     78     80     80     80     82     82
 1993  0.217  0.166  0.209  0.104  0.153  0.131  0.080  0.060  0.018  0.061 -0.032  0.103  0.106
 1993     83     83     83     82     78     79     79     80     79     79     80     82
 1994  0.157 -0.090  0.181  0.173  0.244  0.213  0.152  0.171  0.158  0.238  0.247  0.217  0.172
 1994     83     82     82     80     79     78     78     80     80     81     81     81
 1995  0.359  0.468  0.293  0.230  0.171  0.288  0.299  0.317  0.206  0.244  0.276  0.151  0.275
 1995     82     82     83     82     81     80     82     82     82     81     82     82
 1996  0.065  0.254  0.134  0.095  0.167  0.148  0.182  0.185  0.090  0.083  0.072  0.170  0.137
 1996     83     83     83     81     80     80     80     80     81     80     80     82
 1997  0.150  0.251  0.265  0.198  0.241  0.379  0.372  0.411  0.459  0.496  0.468  0.533  0.352
 1997     82     83     82     81     81     80     80     81     80     79     80     81
 1998  0.492  0.756  0.548  0.647  0.596  0.606  0.671  0.647  0.393  0.420  0.351  0.444  0.548
 1998     81     82     81     79     80     79     79     80     78     79     79     80
 1999  0.370  0.552  0.294  0.315  0.233  0.263  0.270  0.236  0.267  0.228  0.210  0.327  0.297
 1999     80     80     80     79     78     78     78     80     79     80     80     81
 2000  0.206  0.361  0.331  0.450  0.241  0.234  0.255  0.339  0.320  0.194  0.150  0.164  0.271
 2000     82     82     80     79     78     78     77     79     77     79     78     80
 2001  0.324  0.286  0.487  0.430  0.390  0.413  0.453  0.506  0.404  0.378  0.506  0.321  0.408
 2001     79     80     80     79     77     78     79     80     79     79     79     80
 2002  0.598  0.611  0.609  0.445  0.443  0.474  0.479  0.427  0.412  0.358  0.393  0.328  0.465
 2002     80     81     81     79     79     78     78     80     78     79     82     80
 2003  0.525  0.441  0.425  0.417  0.437  0.442  0.455  0.525  0.520  0.566  0.428  0.523  0.475
 2003     80     81     81     80     79     79     80     80     80     79     80     82
 2004  0.504  0.571  0.510  0.494  0.323  0.347  0.369  0.416  0.446  0.478  0.526  0.376  0.447
 2004     81     82     81     79     79     79     79     80     79     79     79     81
 2005  0.461  0.380  0.499  0.534  0.481  0.512  0.536  0.509  0.513  0.508  0.483  0.370  0.482
 2005     81     81     80     78     79     79     80     82     81     80     80     81
 2006  0.319  0.448  0.380  0.370  0.338  0.438  0.444  0.493  0.422  0.480  0.445  0.523  0.425
 2006     81     81     82     80     79     80     81     81     82     82     80     82
 2007  0.610  0.509  0.438  0.472  0.373  0.384  0.407  0.364  0.412  0.367  0.269  0.215  0.402
 2007     81     81     81     80     79     80     81     82     82     81     81     82
 2008  0.053  0.192  0.449  0.271  0.278  0.308  0.417  0.395  0.376  0.443  0.393  0.327  0.325
 2008     81     83     83     82     81     82     82     83     82     82     82     82
 2009  0.387  0.374  0.374  0.417  0.407  0.508  0.515  0.544  0.473  0.442  0.448  0.427  0.443
 2009     83     83     83     80     81     81     81     84     82     82     83     83
 2010  0.489  0.481  0.580  0.572  0.516  0.540  0.543  0.484  0.391  0.400  0.455  0.251  0.475
 2010     82     83     83     83     82     83     84     84     83     82     82     83
