1850   -0.424    0.107    0.003    0.066    0.084
1851   -0.275    0.102    0.003    0.067    0.077
1852   -0.277    0.100    0.003    0.064    0.077
1853   -0.319    0.099    0.002    0.055    0.082
1854   -0.296    0.090    0.002    0.051    0.073
1855   -0.318    0.087    0.003    0.049    0.072
1856   -0.398    0.087    0.003    0.050    0.071
1857   -0.507    0.083    0.003    0.050    0.067
1858   -0.515    0.085    0.003    0.052    0.066
1859   -0.342    0.088    0.003    0.057    0.067
1860   -0.404    0.088    0.004    0.057    0.068
1861   -0.481    0.098    0.005    0.060    0.078
1862   -0.591    0.103    0.005    0.061    0.083
1863   -0.344    0.106    0.005    0.063    0.085
1864   -0.560    0.101    0.005    0.062    0.079
1865   -0.349    0.109    0.006    0.063    0.089
1866   -0.324    0.103    0.005    0.060    0.083
1867   -0.388    0.102    0.005    0.057    0.085
1868   -0.315    0.099    0.005    0.054    0.082
1869   -0.335    0.091    0.004    0.054    0.073
1870   -0.340    0.083    0.004    0.052    0.065
1871   -0.408    0.087    0.004    0.052    0.070
1872   -0.291    0.081    0.004    0.050    0.064
1873   -0.366    0.078    0.004    0.049    0.061
1874   -0.433    0.077    0.004    0.048    0.060
1875   -0.471    0.077    0.003    0.047    0.061
1876   -0.449    0.075    0.003    0.046    0.060
1877   -0.147    0.075    0.003    0.045    0.060
1878   -0.035    0.075    0.003    0.045    0.060
1879   -0.293    0.071    0.003    0.041    0.058
1880   -0.289    0.072    0.003    0.039    0.061
1881   -0.266    0.073    0.003    0.038    0.063
1882   -0.273    0.070    0.003    0.038    0.059
1883   -0.353    0.066    0.002    0.035    0.056
1884   -0.466    0.066    0.002    0.032    0.057
1885   -0.447    0.066    0.002    0.031    0.058
1886   -0.428    0.066    0.002    0.031    0.058
1887   -0.480    0.064    0.002    0.032    0.055
1888   -0.378    0.064    0.002    0.032    0.055
1889   -0.245    0.065    0.002    0.034    0.056
1890   -0.499    0.063    0.003    0.033    0.054
1891   -0.421    0.065    0.003    0.035    0.054
1892   -0.550    0.065    0.003    0.037    0.054
1893   -0.559    0.064    0.002    0.036    0.053
1894   -0.495    0.064    0.002    0.035    0.053
1895   -0.478    0.063    0.002    0.034    0.053
1896   -0.270    0.064    0.002    0.035    0.053
1897   -0.289    0.064    0.002    0.036    0.053
1898   -0.491    0.063    0.002    0.035    0.052
1899   -0.368    0.062    0.002    0.035    0.051
1900   -0.278    0.063    0.002    0.036    0.052
1901   -0.344    0.065    0.002    0.036    0.054
1902   -0.478    0.062    0.002    0.032    0.053
1903   -0.553    0.063    0.002    0.032    0.054
1904   -0.592    0.063    0.002    0.031    0.055
1905   -0.452    0.061    0.002    0.030    0.053
1906   -0.354    0.062    0.002    0.030    0.054
1907   -0.538    0.060    0.002    0.030    0.052
1908   -0.578    0.060    0.002    0.029    0.052
1909   -0.589    0.059    0.002    0.026    0.053
1910   -0.559    0.058    0.002    0.025    0.053
1911   -0.610    0.057    0.002    0.024    0.052
1912   -0.501    0.057    0.002    0.024    0.051
1913   -0.485    0.058    0.002    0.025    0.053
1914   -0.309    0.060    0.002    0.030    0.052
1915   -0.217    0.066    0.002    0.035    0.056
1916   -0.450    0.063    0.002    0.031    0.055
1917   -0.534    0.065    0.002    0.033    0.056
1918   -0.406    0.069    0.003    0.036    0.059
1919   -0.334    0.067    0.002    0.033    0.058
1920   -0.300    0.065    0.002    0.032    0.057
1921   -0.238    0.059    0.002    0.029    0.051
1922   -0.353    0.059    0.002    0.027    0.052
1923   -0.322    0.056    0.002    0.025    0.049
1924   -0.346    0.058    0.002    0.026    0.052
1925   -0.266    0.057    0.002    0.026    0.051
1926   -0.156    0.057    0.002    0.025    0.051
1927   -0.252    0.056    0.002    0.024    0.051
1928   -0.254    0.055    0.002    0.025    0.049
1929   -0.394    0.056    0.002    0.025    0.049
1930   -0.181    0.055    0.002    0.025    0.049
1931   -0.129    0.056    0.002    0.025    0.050
1932   -0.181    0.054    0.002    0.025    0.048
1933   -0.318    0.053    0.002    0.024    0.047
1934   -0.173    0.053    0.002    0.024    0.047
1935   -0.218    0.052    0.002    0.024    0.047
1936   -0.181    0.050    0.002    0.022    0.045
1937   -0.064    0.049    0.002    0.022    0.044
1938   -0.047    0.051    0.002    0.023    0.046
1939   -0.101    0.053    0.002    0.027    0.045
1940   -0.044    0.060    0.002    0.030    0.051
1941   -0.038    0.055    0.002    0.027    0.048
1942   -0.114    0.057    0.002    0.029    0.048
1943   -0.092    0.058    0.003    0.029    0.051
1944    0.050    0.057    0.002    0.028    0.050
1945   -0.064    0.060    0.003    0.029    0.053
1946   -0.080    0.053    0.002    0.028    0.045
1947   -0.020    0.051    0.002    0.026    0.044
1948   -0.009    0.049    0.002    0.024    0.043
1949   -0.061    0.048    0.002    0.023    0.042
1950   -0.158    0.047    0.002    0.022    0.042
1951   -0.043    0.048    0.002    0.021    0.043
1952    0.037    0.047    0.002    0.021    0.043
1953    0.104    0.048    0.002    0.021    0.043
1954   -0.132    0.047    0.002    0.020    0.043
1955   -0.196    0.046    0.002    0.020    0.042
1956   -0.271    0.044    0.002    0.019    0.040
1957   -0.011    0.044    0.002    0.019    0.039
1958    0.043    0.043    0.002    0.018    0.039
1959    0.013    0.042    0.002    0.018    0.038
1960   -0.055    0.042    0.002    0.018    0.038
1961    0.044    0.042    0.002    0.016    0.038
1962    0.020    0.042    0.002    0.016    0.039
1963    0.069    0.043    0.002    0.016    0.039
1964   -0.197    0.042    0.002    0.016    0.038
1965   -0.115    0.042    0.002    0.016    0.039
1966   -0.041    0.042    0.002    0.015    0.039
1967   -0.051    0.042    0.002    0.015    0.039
1968   -0.090    0.041    0.001    0.014    0.038
1969    0.058    0.041    0.001    0.014    0.039
1970    0.004    0.041    0.001    0.014    0.039
1971   -0.153    0.041    0.001    0.014    0.038
1972   -0.042    0.041    0.001    0.014    0.039
1973    0.082    0.040    0.001    0.014    0.038
1974   -0.194    0.041    0.001    0.014    0.038
1975   -0.132    0.041    0.001    0.014    0.038
1976   -0.225    0.041    0.001    0.014    0.038
1977    0.053    0.040    0.001    0.014    0.038
1978   -0.070    0.041    0.001    0.014    0.038
1979    0.041    0.039    0.001    0.012    0.037
1980    0.076    0.041    0.001    0.013    0.039
1981    0.126    0.041    0.001    0.014    0.039
1982   -0.014    0.041    0.001    0.014    0.039
1983    0.170    0.041    0.001    0.014    0.038
1984   -0.038    0.041    0.001    0.014    0.038
1985   -0.057    0.040    0.001    0.014    0.037
1986    0.012    0.040    0.001    0.013    0.038
1987    0.155    0.041    0.001    0.013    0.039
1988    0.166    0.041    0.001    0.013    0.039
1989    0.085    0.041    0.001    0.014    0.039
1990    0.256    0.041    0.001    0.014    0.039
1991    0.213    0.041    0.001    0.013    0.038
1992    0.066    0.041    0.001    0.013    0.039
1993    0.105    0.041    0.001    0.013    0.039
1994    0.165    0.042    0.001    0.013    0.040
1995    0.277    0.041    0.001    0.012    0.039
1996    0.138    0.041    0.001    0.010    0.040
1997    0.352    0.040    0.001    0.012    0.039
1998    0.488    0.040    0.002    0.012    0.038
1999    0.256    0.040    0.002    0.011    0.039
2000    0.247    0.040    0.002    0.011    0.039
2001    0.391    0.040    0.002    0.011    0.039
2002    0.442    0.041    0.002    0.010    0.040
2003    0.454    0.041    0.002    0.010    0.040
2004    0.392    0.041    0.002    0.009    0.040
2005    0.488    0.042    0.002    0.009    0.041
2006    0.452    0.041    0.002    0.008    0.040
2007    0.440    0.040    0.002    0.007    0.039
2008    0.344    0.039    0.002    0.007    0.039
2009    0.452    0.041    0.002    0.007    0.040
2010    0.506    0.041    0.002    0.007    0.041
2011    0.369    0.041    0.002    0.008    0.040
2012    0.412    0.041    0.002    0.009    0.040
2013    0.438    0.041    0.002    0.010    0.040
2014    0.505    0.040    0.002    0.010    0.039
2015    0.688    0.041    0.002    0.008    0.040
2016    0.868    0.074    0.003    0.009    0.074
